21 900
27 900
109 000
30 900
36 999
112 999
149 900
89 900
112 999
109 000
40 000
24 900
149 940
79 900
159 999
121 900
26 900
18 500
24 900
31 900
38 900
25 900
9 900
28 999
22 900
155 000
26 900
159 300
129 900
33 900
20 900
109 900
23 900
22 400
109 000
21 900
36 000
108 240
20 900
23 900
32 900
24 900
23 990
17 900
157 500
32 999
34 000
19 500
44 900
156 500
20 900
157 500
115 200
96 900
27 900
24 900
159 900
21 000
18 499
36 900
25 500
31 900
148 500
144 900
29 900
22 900
97 500
23 986
24 900
149 940
186 500
19 900
149 900
29 900
29 700
169 000
22 900
23 500
186 500
22 900
23 900
29 500
26 800
102 900
25 800
140 900
8 900
21 500
19 200
20 900
29 800
23 699
23 900
28 900
32 900
113 898
165 700
149 900
32 900
30 900
29 900
32 500
35 900
20 900
28 900
29 900
134 900
25 900
134 900
140 900
104 900
112 900
98 900
161 000
99 200
24 800
109 900
29 900
38 900
26 800
109 000
71 999
18 800
95 000
24 500
17 900
94 900
24 999
29 900
109 900
24 900
19 900
24 900
157 950
23 700
149 900
142 900
17 900
13 900
24 900
18 900
23 900
23 600
20 999
18 900
22 500
15 999
21 900
34 900
157 500
33 900
24 900
22 900
26 900
39 900
159 300
39 500
32 999
28 400
23 700
38 500
27 900
23 000
37 900
26 986
176 900
128 000
19 990
23 800
42 900
29 999
22 900
24 300
95 500
37 900
24 800
24 900
42 900
30 900
19 999
19 900
36 900
26 000
108 900
35 900
28 900
21 900
23 900
68 900
23 900
29 900
23 900
20 900
32 900
81 900
33 900
19 800
29 900
17 999
21 800
27 000
34 900
34 000
25 900
21 900
23 900
41 900
157 900
29 600
28 900
27 900
31 900
38 500
20 500
23 600
23 900
17 900
26 500
115 200
119 900
2009 
2010 
2019 
2012 
2013 
2019 
2020 
2017 
2019 
2019 
2013 
2009 
2020 
2017 
2020 
2018 
2010 
2008 
2010 
2011 
2014 
2009 
2010 
2012 
2008 
2020 
2012 
2020 
2019 
2012 
2008 
2019 
2009 
2009 
2019 
2010 
2011 
2017 
2008 
2010 
2011 
2008 
2009 
2009 
2020 
2015 
2012 
2008 
2015 
2020 
2008 
2020 
2020 
2017 
2010 
2008 
2020 
2013 
2008 
2012 
2009 
2012 
2019 
2019 
2009 
2009 
2019 
2008 
2008 
2020 
2020 
2008 
2020 
2014 
2011 
2020 
2008 
2008 
2020 
2008 
2009 
2009 
2011 
2019 
2012 
2020 
2009 
2009 
2008 
2008 
2011 
2008 
2008 
2011 
2012 
2019 
2020 
2020 
2014 
2012 
2012 
2013 
2012 
2011 
2011 
2011 
2019 
2008 
2019 
2020 
2019 
2019 
2018 
2020 
2017 
2008 
2018 
2011 
2014 
2008 
2019 
2017 
2008 
2018 
2010 
2008 
2019 
2009 
2013 
2019 
2008 
2011 
2009 
2020 
2009 
2020 
2020 
2008 
2008 
2008 
2009 
2009 
2008 
2008 
2009 
2009 
2009 
2008 
2012 
2020 
2013 
2009 
2008 
2012 
2012 
2019 
2012 
2011 
2013 
2008 
2012 
2012 
2008 
2012 
2008 
2020 
2019 
2008 
2009 
2015 
2012 
2008 
2011 
2018 
2013 
2010 
2011 
2014 
2012 
2008 
2010 
2014 
2009 
2018 
2012 
2010 
2008 
2010 
2018 
2008 
2010 
2008 
2009 
2012 
2017 
2012 
2010 
2011 
2008 
2009 
2010 
2012 
2011 
2009 
2009 
2009 
2014 
2020 
2011 
2010 
2011 
2011 
2013 
2008 
2009 
2008 
2008 
2011 
2019 
2019 
217 000
198 000
19 520
199 000
141 000
32 300
1
63 000
23 750
13 380
138 243
189 250
1 000
164 000
9
28 200
215 198
235 000
169 900
183 000
89 000
173 000
214 000
258 000
179 186
1
181 000
10
11 700
160 000
242 000
45 000
189 225
168 105
16 045
223 142
107 958
85 162
198 827
163 000
122 000
223 000
161 000
260 300
1
93 554
147 085
265 000
79 000
5
244 000
10
5
73 705
171 000
221 000
10
93 000
200 944
160 000
205 000
224 000
1
1
166 770
150 000
4 600
167 800
187 254
100
6
219 352
10
164 500
189 000
6
249 886
122 000
6
106 921
142 000
175 000
183 000
22 556
238 899
4 500
128 000
264 000
286 900
229 128
205 000
169 000
240 000
189 000
189 000
15 700
8
2 498
250 000
231 000
236 000
179 554
178 000
154 239
176 000
129 000
45 000
231 000
40 000
10 900
26 520
17 300
53 000
5
89 715
212 000
45 831
164 254
187 600
173 860
24 100
18 828
251 000
57 316
150 000
241 889
12 000
147 000
197 830
21 500
212 000
266 000
159 890
5
248 940
10
3 500
155 704
260 000
144 000
260 000
188 000
164 115
193 000
260 000
272 000
244 000
290 000
166 000
1
216 000
92 200
142 000
189 000
106 000
10
126 528
148 569
111 000
170 000
170 000
240 000
146 728
144 500
167 800
7
20 800
217 892
173 000
199 000
170 631
260 000
129 127
39 600
180 000
195 572
222 000
65 000
117 000
235 328
156 000
139 000
204 965
51 000
138 000
229 000
228 652
180 000
39 900
173 545
196 345
197 000
20 900
170 000
47 635
156 827
207 430
170 000
259 875
206 000
134 000
126 000
180 000
182 000
186 000
167 000
215 000
5
173 000
178 000
240 000
169 769
149 133
162 000
215 467
184 569
187 409
236 773
47 000
19 800
21 900
27 900
109 000
30 900
36 999
112 999
149 900
89 900
112 999
109 000
40 000
24 900
149 940
79 900
159 999
121 900
26 900
18 500
24 900
31 900
38 900
25 900
9 900
28 999
22 900
155 000
26 900
159 300
129 900
33 900
20 900
109 900
23 900
22 400
109 000
21 900
36 000
108 240
20 900
23 900
32 900
24 900
23 990
17 900
157 500
32 999
34 000
19 500
44 900
156 500
20 900
157 500
115 200
96 900
27 900
24 900
159 900
21 000
18 499
36 900
25 500
31 900
148 500
144 900
29 900
22 900
97 500
23 986
24 900
149 940
186 500
19 900
149 900
29 900
29 700
169 000
22 900
23 500
186 500
22 900
23 900
29 500
26 800
102 900
25 800
140 900
8 900
21 500
19 200
20 900
29 800
23 699
23 900
28 900
32 900
113 898
165 700
149 900
32 900
30 900
29 900
32 500
35 900
20 900
28 900
29 900
134 900
25 900
134 900
140 900
104 900
112 900
98 900
161 000
99 200
24 800
109 900
29 900
38 900
26 800
109 000
71 999
18 800
95 000
24 500
17 900
94 900
24 999
29 900
109 900
24 900
19 900
24 900
157 950
23 700
149 900
142 900
17 900
13 900
24 900
18 900
23 900
23 600
20 999
18 900
22 500
15 999
21 900
34 900
157 500
33 900
24 900
22 900
26 900
39 900
159 300
39 500
32 999
28 400
23 700
38 500
27 900
23 000
37 900
26 986
176 900
128 000
19 990
23 800
42 900
29 999
22 900
24 300
95 500
37 900
24 800
24 900
42 900
30 900
19 999
19 900
36 900
26 000
108 900
35 900
28 900
21 900
23 900
68 900
23 900
29 900
23 900
20 900
32 900
81 900
33 900
19 800
29 900
17 999
21 800
27 000
34 900
34 000
25 900
21 900
23 900
41 900
157 900
29 600
28 900
27 900
31 900
38 500
20 500
23 600
23 900
17 900
26 500
115 200
119 900
2009 
2010 
2019 
2012 
2013 
2019 
2020 
2017 
2019 
2019 
2013 
2009 
2020 
2017 
2020 
2018 
2010 
2008 
2010 
2011 
2014 
2009 
2010 
2012 
2008 
2020 
2012 
2020 
2019 
2012 
2008 
2019 
2009 
2009 
2019 
2010 
2011 
2017 
2008 
2010 
2011 
2008 
2009 
2009 
2020 
2015 
2012 
2008 
2015 
2020 
2008 
2020 
2020 
2017 
2010 
2008 
2020 
2013 
2008 
2012 
2009 
2012 
2019 
2019 
2009 
2009 
2019 
2008 
2008 
2020 
2020 
2008 
2020 
2014 
2011 
2020 
2008 
2008 
2020 
2008 
2009 
2009 
2011 
2019 
2012 
2020 
2009 
2009 
2008 
2008 
2011 
2008 
2008 
2011 
2012 
2019 
2020 
2020 
2014 
2012 
2012 
2013 
2012 
2011 
2011 
2011 
2019 
2008 
2019 
2020 
2019 
2019 
2018 
2020 
2017 
2008 
2018 
2011 
2014 
2008 
2019 
2017 
2008 
2018 
2010 
2008 
2019 
2009 
2013 
2019 
2008 
2011 
2009 
2020 
2009 
2020 
2020 
2008 
2008 
2008 
2009 
2009 
2008 
2008 
2009 
2009 
2009 
2008 
2012 
2020 
2013 
2009 
2008 
2012 
2012 
2019 
2012 
2011 
2013 
2008 
2012 
2012 
2008 
2012 
2008 
2020 
2019 
2008 
2009 
2015 
2012 
2008 
2011 
2018 
2013 
2010 
2011 
2014 
2012 
2008 
2010 
2014 
2009 
2018 
2012 
2010 
2008 
2010 
2018 
2008 
2010 
2008 
2009 
2012 
2017 
2012 
2010 
2011 
2008 
2009 
2010 
2012 
2011 
2009 
2009 
2009 
2014 
2020 
2011 
2010 
2011 
2011 
2013 
2008 
2009 
2008 
2008 
2011 
2019 
2019 
217 000
198 000
19 520
199 000
141 000
32 300
1
63 000
23 750
13 380
138 243
189 250
1 000
164 000
9
28 200
215 198
235 000
169 900
183 000
89 000
173 000
214 000
258 000
179 186
1
181 000
10
11 700
160 000
242 000
45 000
189 225
168 105
16 045
223 142
107 958
85 162
198 827
163 000
122 000
223 000
161 000
260 300
1
93 554
147 085
265 000
79 000
5
244 000
10
5
73 705
171 000
221 000
10
93 000
200 944
160 000
205 000
224 000
1
1
166 770
150 000
4 600
167 800
187 254
100
6
219 352
10
164 500
189 000
6
249 886
122 000
6
106 921
142 000
175 000
183 000
22 556
238 899
4 500
128 000
264 000
286 900
229 128
205 000
169 000
240 000
189 000
189 000
15 700
8
2 498
250 000
231 000
236 000
179 554
178 000
154 239
176 000
129 000
45 000
231 000
40 000
10 900
26 520
17 300
53 000
5
89 715
212 000
45 831
164 254
187 600
173 860
24 100
18 828
251 000
57 316
150 000
241 889
12 000
147 000
197 830
21 500
212 000
266 000
159 890
5
248 940
10
3 500
155 704
260 000
144 000
260 000
188 000
164 115
193 000
260 000
272 000
244 000
290 000
166 000
1
216 000
92 200
142 000
189 000
106 000
10
126 528
148 569
111 000
170 000
170 000
240 000
146 728
144 500
167 800
7
20 800
217 892
173 000
199 000
170 631
260 000
129 127
39 600
180 000
195 572
222 000
65 000
117 000
235 328
156 000
139 000
204 965
51 000
138 000
229 000
228 652
180 000
39 900
173 545
196 345
197 000
20 900
170 000
47 635
156 827
207 430
170 000
259 875
206 000
134 000
126 000
180 000
182 000
186 000
167 000
215 000
5
173 000
178 000
240 000
169 769
149 133
162 000
215 467
184 569
187 409
236 773
47 000
19 800
21 900
27 900
109 000
30 900
36 999
112 999
149 900
89 900
112 999
109 000
40 000
24 900
149 940
79 900
159 999
121 900
26 900
18 500
24 900
31 900
38 900
25 900
9 900
28 999
22 900
155 000
26 900
159 300
129 900
33 900
20 900
109 900
23 900
22 400
109 000
21 900
36 000
108 240
20 900
23 900
32 900
24 900
23 990
17 900
157 500
32 999
34 000
19 500
44 900
156 500
20 900
157 500
115 200
96 900
27 900
24 900
159 900
21 000
18 499
36 900
25 500
31 900
148 500
144 900
29 900
22 900
97 500
23 986
24 900
149 940
186 500
19 900
149 900
29 900
29 700
169 000
22 900
23 500
186 500
22 900
23 900
29 500
26 800
102 900
25 800
140 900
8 900
21 500
19 200
20 900
29 800
23 699
23 900
28 900
32 900
113 898
165 700
149 900
32 900
30 900
29 900
32 500
35 900
20 900
28 900
29 900
134 900
25 900
134 900
140 900
104 900
112 900
98 900
161 000
99 200
24 800
109 900
29 900
38 900
26 800
109 000
71 999
18 800
95 000
24 500
17 900
94 900
24 999
29 900
109 900
24 900
19 900
24 900
157 950
23 700
149 900
142 900
17 900
13 900
24 900
18 900
23 900
23 600
20 999
18 900
22 500
15 999
21 900
34 900
157 500
33 900
24 900
22 900
26 900
39 900
159 300
39 500
32 999
28 400
23 700
38 500
27 900
23 000
37 900
26 986
176 900
128 000
19 990
23 800
42 900
29 999
22 900
24 300
95 500
37 900
24 800
24 900
42 900
30 900
19 999
19 900
36 900
26 000
108 900
35 900
28 900
21 900
23 900
68 900
23 900
29 900
23 900
20 900
32 900
81 900
33 900
19 800
29 900
17 999
21 800
27 000
34 900
34 000
25 900
21 900
23 900
41 900
157 900
29 600
28 900
27 900
31 900
38 500
20 500
23 600
23 900
17 900
26 500
115 200
119 900
2009 
2010 
2019 
2012 
2013 
2019 
2020 
2017 
2019 
2019 
2013 
2009 
2020 
2017 
2020 
2018 
2010 
2008 
2010 
2011 
2014 
2009 
2010 
2012 
2008 
2020 
2012 
2020 
2019 
2012 
2008 
2019 
2009 
2009 
2019 
2010 
2011 
2017 
2008 
2010 
2011 
2008 
2009 
2009 
2020 
2015 
2012 
2008 
2015 
2020 
2008 
2020 
2020 
2017 
2010 
2008 
2020 
2013 
2008 
2012 
2009 
2012 
2019 
2019 
2009 
2009 
2019 
2008 
2008 
2020 
2020 
2008 
2020 
2014 
2011 
2020 
2008 
2008 
2020 
2008 
2009 
2009 
2011 
2019 
2012 
2020 
2009 
2009 
2008 
2008 
2011 
2008 
2008 
2011 
2012 
2019 
2020 
2020 
2014 
2012 
2012 
2013 
2012 
2011 
2011 
2011 
2019 
2008 
2019 
2020 
2019 
2019 
2018 
2020 
2017 
2008 
2018 
2011 
2014 
2008 
2019 
2017 
2008 
2018 
2010 
2008 
2019 
2009 
2013 
2019 
2008 
2011 
2009 
2020 
2009 
2020 
2020 
2008 
2008 
2008 
2009 
2009 
2008 
2008 
2009 
2009 
2009 
2008 
2012 
2020 
2013 
2009 
2008 
2012 
2012 
2019 
2012 
2011 
2013 
2008 
2012 
2012 
2008 
2012 
2008 
2020 
2019 
2008 
2009 
2015 
2012 
2008 
2011 
2018 
2013 
2010 
2011 
2014 
2012 
2008 
2010 
2014 
2009 
2018 
2012 
2010 
2008 
2010 
2018 
2008 
2010 
2008 
2009 
2012 
2017 
2012 
2010 
2011 
2008 
2009 
2010 
2012 
2011 
2009 
2009 
2009 
2014 
2020 
2011 
2010 
2011 
2011 
2013 
2008 
2009 
2008 
2008 
2011 
2019 
2019 
217 000
198 000
19 520
199 000
141 000
32 300
1
63 000
23 750
13 380
138 243
189 250
1 000
164 000
9
28 200
215 198
235 000
169 900
183 000
89 000
173 000
214 000
258 000
179 186
1
181 000
10
11 700
160 000
242 000
45 000
189 225
168 105
16 045
223 142
107 958
85 162
198 827
163 000
122 000
223 000
161 000
260 300
1
93 554
147 085
265 000
79 000
5
244 000
10
5
73 705
171 000
221 000
10
93 000
200 944
160 000
205 000
224 000
1
1
166 770
150 000
4 600
167 800
187 254
100
6
219 352
10
164 500
189 000
6
249 886
122 000
6
106 921
142 000
175 000
183 000
22 556
238 899
4 500
128 000
264 000
286 900
229 128
205 000
169 000
240 000
189 000
189 000
15 700
8
2 498
250 000
231 000
236 000
179 554
178 000
154 239
176 000
129 000
45 000
231 000
40 000
10 900
26 520
17 300
53 000
5
89 715
212 000
45 831
164 254
187 600
173 860
24 100
18 828
251 000
57 316
150 000
241 889
12 000
147 000
197 830
21 500
212 000
266 000
159 890
5
248 940
10
3 500
155 704
260 000
144 000
260 000
188 000
164 115
193 000
260 000
272 000
244 000
290 000
166 000
1
216 000
92 200
142 000
189 000
106 000
10
126 528
148 569
111 000
170 000
170 000
240 000
146 728
144 500
167 800
7
20 800
217 892
173 000
199 000
170 631
260 000
129 127
39 600
180 000
195 572
222 000
65 000
117 000
235 328
156 000
139 000
204 965
51 000
138 000
229 000
228 652
180 000
39 900
173 545
196 345
197 000
20 900
170 000
47 635
156 827
207 430
170 000
259 875
206 000
134 000
126 000
180 000
182 000
186 000
167 000
215 000
5
173 000
178 000
240 000
169 769
149 133
162 000
215 467
184 569
187 409
236 773
47 000
19 800
21 900
27 900
109 000
30 900
36 999
112 999
149 900
89 900
112 999
109 000
40 000
24 900
149 940
79 900
159 999
121 900
26 900
18 500
24 900
31 900
38 900
25 900
9 900
28 999
22 900
155 000
26 900
159 300
129 900
33 900
20 900
109 900
23 900
22 400
109 000
21 900
36 000
108 240
20 900
23 900
32 900
24 900
23 990
17 900
157 500
32 999
34 000
19 500
44 900
156 500
20 900
157 500
115 200
96 900
27 900
24 900
159 900
21 000
18 499
36 900
25 500
31 900
148 500
144 900
29 900
22 900
97 500
23 986
24 900
149 940
186 500
19 900
149 900
29 900
29 700
169 000
22 900
23 500
186 500
22 900
23 900
29 500
26 800
102 900
25 800
140 900
8 900
21 500
19 200
20 900
29 800
23 699
23 900
28 900
32 900
113 898
165 700
149 900
32 900
30 900
29 900
32 500
35 900
20 900
28 900
29 900
134 900
25 900
134 900
140 900
104 900
112 900
98 900
161 000
99 200
24 800
109 900
29 900
38 900
26 800
109 000
71 999
18 800
95 000
24 500
17 900
94 900
24 999
29 900
109 900
24 900
19 900
24 900
157 950
23 700
149 900
142 900
17 900
13 900
24 900
18 900
23 900
23 600
20 999
18 900
22 500
15 999
21 900
34 900
157 500
33 900
24 900
22 900
26 900
39 900
159 300
39 500
32 999
28 400
23 700
38 500
27 900
23 000
37 900
26 986
176 900
128 000
19 990
23 800
42 900
29 999
22 900
24 300
95 500
37 900
24 800
24 900
42 900
30 900
19 999
19 900
36 900
26 000
108 900
35 900
28 900
21 900
23 900
68 900
23 900
29 900
23 900
20 900
32 900
81 900
33 900
19 800
29 900
17 999
21 800
27 000
34 900
34 000
25 900
21 900
23 900
41 900
157 900
29 600
28 900
27 900
31 900
38 500
20 500
23 600
23 900
17 900
26 500
115 200
119 900
2009 
2010 
2019 
2012 
2013 
2019 
2020 
2017 
2019 
2019 
2013 
2009 
2020 
2017 
2020 
2018 
2010 
2008 
2010 
2011 
2014 
2009 
2010 
2012 
2008 
2020 
2012 
2020 
2019 
2012 
2008 
2019 
2009 
2009 
2019 
2010 
2011 
2017 
2008 
2010 
2011 
2008 
2009 
2009 
2020 
2015 
2012 
2008 
2015 
2020 
2008 
2020 
2020 
2017 
2010 
2008 
2020 
2013 
2008 
2012 
2009 
2012 
2019 
2019 
2009 
2009 
2019 
2008 
2008 
2020 
2020 
2008 
2020 
2014 
2011 
2020 
2008 
2008 
2020 
2008 
2009 
2009 
2011 
2019 
2012 
2020 
2009 
2009 
2008 
2008 
2011 
2008 
2008 
2011 
2012 
2019 
2020 
2020 
2014 
2012 
2012 
2013 
2012 
2011 
2011 
2011 
2019 
2008 
2019 
2020 
2019 
2019 
2018 
2020 
2017 
2008 
2018 
2011 
2014 
2008 
2019 
2017 
2008 
2018 
2010 
2008 
2019 
2009 
2013 
2019 
2008 
2011 
2009 
2020 
2009 
2020 
2020 
2008 
2008 
2008 
2009 
2009 
2008 
2008 
2009 
2009 
2009 
2008 
2012 
2020 
2013 
2009 
2008 
2012 
2012 
2019 
2012 
2011 
2013 
2008 
2012 
2012 
2008 
2012 
2008 
2020 
2019 
2008 
2009 
2015 
2012 
2008 
2011 
2018 
2013 
2010 
2011 
2014 
2012 
2008 
2010 
2014 
2009 
2018 
2012 
2010 
2008 
2010 
2018 
2008 
2010 
2008 
2009 
2012 
2017 
2012 
2010 
2011 
2008 
2009 
2010 
2012 
2011 
2009 
2009 
2009 
2014 
2020 
2011 
2010 
2011 
2011 
2013 
2008 
2009 
2008 
2008 
2011 
2019 
2019 
217 000
198 000
19 520
199 000
141 000
32 300
1
63 000
23 750
13 380
138 243
189 250
1 000
164 000
9
28 200
215 198
235 000
169 900
183 000
89 000
173 000
214 000
258 000
179 186
1
181 000
10
11 700
160 000
242 000
45 000
189 225
168 105
16 045
223 142
107 958
85 162
198 827
163 000
122 000
223 000
161 000
260 300
1
93 554
147 085
265 000
79 000
5
244 000
10
5
73 705
171 000
221 000
10
93 000
200 944
160 000
205 000
224 000
1
1
166 770
150 000
4 600
167 800
187 254
100
6
219 352
10
164 500
189 000
6
249 886
122 000
6
106 921
142 000
175 000
183 000
22 556
238 899
4 500
128 000
264 000
286 900
229 128
205 000
169 000
240 000
189 000
189 000
15 700
8
2 498
250 000
231 000
236 000
179 554
178 000
154 239
176 000
129 000
45 000
231 000
40 000
10 900
26 520
17 300
53 000
5
89 715
212 000
45 831
164 254
187 600
173 860
24 100
18 828
251 000
57 316
150 000
241 889
12 000
147 000
197 830
21 500
212 000
266 000
159 890
5
248 940
10
3 500
155 704
260 000
144 000
260 000
188 000
164 115
193 000
260 000
272 000
244 000
290 000
166 000
1
216 000
92 200
142 000
189 000
106 000
10
126 528
148 569
111 000
170 000
170 000
240 000
146 728
144 500
167 800
7
20 800
217 892
173 000
199 000
170 631
260 000
129 127
39 600
180 000
195 572
222 000
65 000
117 000
235 328
156 000
139 000
204 965
51 000
138 000
229 000
228 652
180 000
39 900
173 545
196 345
197 000
20 900
170 000
47 635
156 827
207 430
170 000
259 875
206 000
134 000
126 000
180 000
182 000
186 000
167 000
215 000
5
173 000
178 000
240 000
169 769
149 133
162 000
215 467
184 569
187 409
236 773
47 000
19 800
21 900
27 900
109 000
30 900
36 999
112 999
149 900
89 900
112 999
109 000
40 000
24 900
149 940
79 900
159 999
121 900
26 900
18 500
24 900
31 900
38 900
25 900
9 900
28 999
22 900
155 000
26 900
159 300
129 900
33 900
20 900
109 900
23 900
22 400
109 000
21 900
36 000
108 240
20 900
23 900
32 900
24 900
23 990
17 900
157 500
32 999
34 000
19 500
44 900
156 500
20 900
157 500
115 200
96 900
27 900
24 900
159 900
21 000
18 499
36 900
25 500
31 900
148 500
144 900
29 900
22 900
97 500
23 986
24 900
149 940
186 500
19 900
149 900
29 900
29 700
169 000
22 900
23 500
186 500
22 900
23 900
29 500
26 800
102 900
25 800
140 900
8 900
21 500
19 200
20 900
29 800
23 699
23 900
28 900
32 900
113 898
165 700
149 900
32 900
30 900
29 900
32 500
35 900
20 900
28 900
29 900
134 900
25 900
134 900
140 900
104 900
112 900
98 900
161 000
99 200
24 800
109 900
29 900
38 900
26 800
109 000
71 999
18 800
95 000
24 500
17 900
94 900
24 999
29 900
109 900
24 900
19 900
24 900
157 950
23 700
149 900
142 900
17 900
13 900
24 900
18 900
23 900
23 600
20 999
18 900
22 500
15 999
21 900
34 900
157 500
33 900
24 900
22 900
26 900
39 900
159 300
39 500
32 999
28 400
23 700
38 500
27 900
23 000
37 900
26 986
176 900
128 000
19 990
23 800
42 900
29 999
22 900
24 300
95 500
37 900
24 800
24 900
42 900
30 900
19 999
19 900
36 900
26 000
108 900
35 900
28 900
21 900
23 900
68 900
23 900
29 900
23 900
20 900
32 900
81 900
33 900
19 800
29 900
17 999
21 800
27 000
34 900
34 000
25 900
21 900
23 900
41 900
157 900
29 600
28 900
27 900
31 900
38 500
20 500
23 600
23 900
17 900
26 500
115 200
119 900
2009 
2010 
2019 
2012 
2013 
2019 
2020 
2017 
2019 
2019 
2013 
2009 
2020 
2017 
2020 
2018 
2010 
2008 
2010 
2011 
2014 
2009 
2010 
2012 
2008 
2020 
2012 
2020 
2019 
2012 
2008 
2019 
2009 
2009 
2019 
2010 
2011 
2017 
2008 
2010 
2011 
2008 
2009 
2009 
2020 
2015 
2012 
2008 
2015 
2020 
2008 
2020 
2020 
2017 
2010 
2008 
2020 
2013 
2008 
2012 
2009 
2012 
2019 
2019 
2009 
2009 
2019 
2008 
2008 
2020 
2020 
2008 
2020 
2014 
2011 
2020 
2008 
2008 
2020 
2008 
2009 
2009 
2011 
2019 
2012 
2020 
2009 
2009 
2008 
2008 
2011 
2008 
2008 
2011 
2012 
2019 
2020 
2020 
2014 
2012 
2012 
2013 
2012 
2011 
2011 
2011 
2019 
2008 
2019 
2020 
2019 
2019 
2018 
2020 
2017 
2008 
2018 
2011 
2014 
2008 
2019 
2017 
2008 
2018 
2010 
2008 
2019 
2009 
2013 
2019 
2008 
2011 
2009 
2020 
2009 
2020 
2020 
2008 
2008 
2008 
2009 
2009 
2008 
2008 
2009 
2009 
2009 
2008 
2012 
2020 
2013 
2009 
2008 
2012 
2012 
2019 
2012 
2011 
2013 
2008 
2012 
2012 
2008 
2012 
2008 
2020 
2019 
2008 
2009 
2015 
2012 
2008 
2011 
2018 
2013 
2010 
2011 
2014 
2012 
2008 
2010 
2014 
2009 
2018 
2012 
2010 
2008 
2010 
2018 
2008 
2010 
2008 
2009 
2012 
2017 
2012 
2010 
2011 
2008 
2009 
2010 
2012 
2011 
2009 
2009 
2009 
2014 
2020 
2011 
2010 
2011 
2011 
2013 
2008 
2009 
2008 
2008 
2011 
2019 
2019 
217 000
198 000
19 520
199 000
141 000
32 300
1
63 000
23 750
13 380
138 243
189 250
1 000
164 000
9
28 200
215 198
235 000
169 900
183 000
89 000
173 000
214 000
258 000
179 186
1
181 000
10
11 700
160 000
242 000
45 000
189 225
168 105
16 045
223 142
107 958
85 162
198 827
163 000
122 000
223 000
161 000
260 300
1
93 554
147 085
265 000
79 000
5
244 000
10
5
73 705
171 000
221 000
10
93 000
200 944
160 000
205 000
224 000
1
1
166 770
150 000
4 600
167 800
187 254
100
6
219 352
10
164 500
189 000
6
249 886
122 000
6
106 921
142 000
175 000
183 000
22 556
238 899
4 500
128 000
264 000
286 900
229 128
205 000
169 000
240 000
189 000
189 000
15 700
8
2 498
250 000
231 000
236 000
179 554
178 000
154 239
176 000
129 000
45 000
231 000
40 000
10 900
26 520
17 300
53 000
5
89 715
212 000
45 831
164 254
187 600
173 860
24 100
18 828
251 000
57 316
150 000
241 889
12 000
147 000
197 830
21 500
212 000
266 000
159 890
5
248 940
10
3 500
155 704
260 000
144 000
260 000
188 000
164 115
193 000
260 000
272 000
244 000
290 000
166 000
1
216 000
92 200
142 000
189 000
106 000
10
126 528
148 569
111 000
170 000
170 000
240 000
146 728
144 500
167 800
7
20 800
217 892
173 000
199 000
170 631
260 000
129 127
39 600
180 000
195 572
222 000
65 000
117 000
235 328
156 000
139 000
204 965
51 000
138 000
229 000
228 652
180 000
39 900
173 545
196 345
197 000
20 900
170 000
47 635
156 827
207 430
170 000
259 875
206 000
134 000
126 000
180 000
182 000
186 000
167 000
215 000
5
173 000
178 000
240 000
169 769
149 133
162 000
215 467
184 569
187 409
236 773
47 000
19 800
21 900
27 900
109 000
30 900
36 999
112 999
149 900
89 900
112 999
109 000
40 000
24 900
149 940
79 900
159 999
121 900
26 900
18 500
24 900
31 900
38 900
25 900
9 900
28 999
22 900
155 000
26 900
159 300
129 900
33 900
20 900
109 900
23 900
22 400
109 000
21 900
36 000
108 240
20 900
23 900
32 900
24 900
23 990
17 900
157 500
32 999
34 000
19 500
44 900
156 500
20 900
157 500
115 200
96 900
27 900
24 900
159 900
21 000
18 499
36 900
25 500
31 900
148 500
144 900
29 900
22 900
97 500
23 986
24 900
149 940
186 500
19 900
149 900
29 900
29 700
169 000
22 900
23 500
186 500
22 900
23 900
29 500
26 800
102 900
25 800
140 900
8 900
21 500
19 200
20 900
29 800
23 699
23 900
28 900
32 900
113 898
165 700
149 900
32 900
30 900
29 900
32 500
35 900
20 900
28 900
29 900
134 900
25 900
134 900
140 900
104 900
112 900
98 900
161 000
99 200
24 800
109 900
29 900
38 900
26 800
109 000
71 999
18 800
95 000
24 500
17 900
94 900
24 999
29 900
109 900
24 900
19 900
24 900
157 950
23 700
149 900
142 900
17 900
13 900
24 900
18 900
23 900
23 600
20 999
18 900
22 500
15 999
21 900
34 900
157 500
33 900
24 900
22 900
26 900
39 900
159 300
39 500
32 999
28 400
23 700
38 500
27 900
23 000
37 900
26 986
176 900
128 000
19 990
23 800
42 900
29 999
22 900
24 300
95 500
37 900
24 800
24 900
42 900
30 900
19 999
19 900
36 900
26 000
108 900
35 900
28 900
21 900
23 900
68 900
23 900
29 900
23 900
20 900
32 900
81 900
33 900
19 800
29 900
17 999
21 800
27 000
34 900
34 000
25 900
21 900
23 900
41 900
157 900
29 600
28 900
27 900
31 900
38 500
20 500
23 600
23 900
17 900
26 500
115 200
119 900
2009 
2010 
2019 
2012 
2013 
2019 
2020 
2017 
2019 
2019 
2013 
2009 
2020 
2017 
2020 
2018 
2010 
2008 
2010 
2011 
2014 
2009 
2010 
2012 
2008 
2020 
2012 
2020 
2019 
2012 
2008 
2019 
2009 
2009 
2019 
2010 
2011 
2017 
2008 
2010 
2011 
2008 
2009 
2009 
2020 
2015 
2012 
2008 
2015 
2020 
2008 
2020 
2020 
2017 
2010 
2008 
2020 
2013 
2008 
2012 
2009 
2012 
2019 
2019 
2009 
2009 
2019 
2008 
2008 
2020 
2020 
2008 
2020 
2014 
2011 
2020 
2008 
2008 
2020 
2008 
2009 
2009 
2011 
2019 
2012 
2020 
2009 
2009 
2008 
2008 
2011 
2008 
2008 
2011 
2012 
2019 
2020 
2020 
2014 
2012 
2012 
2013 
2012 
2011 
2011 
2011 
2019 
2008 
2019 
2020 
2019 
2019 
2018 
2020 
2017 
2008 
2018 
2011 
2014 
2008 
2019 
2017 
2008 
2018 
2010 
2008 
2019 
2009 
2013 
2019 
2008 
2011 
2009 
2020 
2009 
2020 
2020 
2008 
2008 
2008 
2009 
2009 
2008 
2008 
2009 
2009 
2009 
2008 
2012 
2020 
2013 
2009 
2008 
2012 
2012 
2019 
2012 
2011 
2013 
2008 
2012 
2012 
2008 
2012 
2008 
2020 
2019 
2008 
2009 
2015 
2012 
2008 
2011 
2018 
2013 
2010 
2011 
2014 
2012 
2008 
2010 
2014 
2009 
2018 
2012 
2010 
2008 
2010 
2018 
2008 
2010 
2008 
2009 
2012 
2017 
2012 
2010 
2011 
2008 
2009 
2010 
2012 
2011 
2009 
2009 
2009 
2014 
2020 
2011 
2010 
2011 
2011 
2013 
2008 
2009 
2008 
2008 
2011 
2019 
2019 
217 000
198 000
19 520
199 000
141 000
32 300
1
63 000
23 750
13 380
138 243
189 250
1 000
164 000
9
28 200
215 198
235 000
169 900
183 000
89 000
173 000
214 000
258 000
179 186
1
181 000
10
11 700
160 000
242 000
45 000
189 225
168 105
16 045
223 142
107 958
85 162
198 827
163 000
122 000
223 000
161 000
260 300
1
93 554
147 085
265 000
79 000
5
244 000
10
5
73 705
171 000
221 000
10
93 000
200 944
160 000
205 000
224 000
1
1
166 770
150 000
4 600
167 800
187 254
100
6
219 352
10
164 500
189 000
6
249 886
122 000
6
106 921
142 000
175 000
183 000
22 556
238 899
4 500
128 000
264 000
286 900
229 128
205 000
169 000
240 000
189 000
189 000
15 700
8
2 498
250 000
231 000
236 000
179 554
178 000
154 239
176 000
129 000
45 000
231 000
40 000
10 900
26 520
17 300
53 000
5
89 715
212 000
45 831
164 254
187 600
173 860
24 100
18 828
251 000
57 316
150 000
241 889
12 000
147 000
197 830
21 500
212 000
266 000
159 890
5
248 940
10
3 500
155 704
260 000
144 000
260 000
188 000
164 115
193 000
260 000
272 000
244 000
290 000
166 000
1
216 000
92 200
142 000
189 000
106 000
10
126 528
148 569
111 000
170 000
170 000
240 000
146 728
144 500
167 800
7
20 800
217 892
173 000
199 000
170 631
260 000
129 127
39 600
180 000
195 572
222 000
65 000
117 000
235 328
156 000
139 000
204 965
51 000
138 000
229 000
228 652
180 000
39 900
173 545
196 345
197 000
20 900
170 000
47 635
156 827
207 430
170 000
259 875
206 000
134 000
126 000
180 000
182 000
186 000
167 000
215 000
5
173 000
178 000
240 000
169 769
149 133
162 000
215 467
184 569
187 409
236 773
47 000
19 800
21 900
27 900
109 000
30 900
36 999
112 999
149 900
89 900
112 999
109 000
40 000
24 900
149 940
79 900
159 999
121 900
26 900
18 500
24 900
31 900
38 900
25 900
9 900
28 999
22 900
155 000
26 900
159 300
129 900
33 900
20 900
109 900
23 900
22 400
109 000
21 900
36 000
108 240
20 900
23 900
32 900
24 900
23 990
17 900
157 500
32 999
34 000
19 500
44 900
156 500
20 900
157 500
115 200
96 900
27 900
24 900
159 900
21 000
18 499
36 900
25 500
31 900
148 500
144 900
29 900
22 900
97 500
23 986
24 900
149 940
186 500
19 900
149 900
29 900
29 700
169 000
22 900
23 500
186 500
22 900
23 900
29 500
26 800
102 900
25 800
140 900
8 900
21 500
19 200
20 900
29 800
23 699
23 900
28 900
32 900
113 898
165 700
149 900
32 900
30 900
29 900
32 500
35 900
20 900
28 900
29 900
134 900
25 900
134 900
140 900
104 900
112 900
98 900
161 000
99 200
24 800
109 900
29 900
38 900
26 800
109 000
71 999
18 800
95 000
24 500
17 900
94 900
24 999
29 900
109 900
24 900
19 900
24 900
157 950
23 700
149 900
142 900
17 900
13 900
24 900
18 900
23 900
23 600
20 999
18 900
22 500
15 999
21 900
34 900
157 500
33 900
24 900
22 900
26 900
39 900
159 300
39 500
32 999
28 400
23 700
38 500
27 900
23 000
37 900
26 986
176 900
128 000
19 990
23 800
42 900
29 999
22 900
24 300
95 500
37 900
24 800
24 900
42 900
30 900
19 999
19 900
36 900
26 000
108 900
35 900
28 900
21 900
23 900
68 900
23 900
29 900
23 900
20 900
32 900
81 900
33 900
19 800
29 900
17 999
21 800
27 000
34 900
34 000
25 900
21 900
23 900
41 900
157 900
29 600
28 900
27 900
31 900
38 500
20 500
23 600
23 900
17 900
26 500
115 200
119 900
2009 
2010 
2019 
2012 
2013 
2019 
2020 
2017 
2019 
2019 
2013 
2009 
2020 
2017 
2020 
2018 
2010 
2008 
2010 
2011 
2014 
2009 
2010 
2012 
2008 
2020 
2012 
2020 
2019 
2012 
2008 
2019 
2009 
2009 
2019 
2010 
2011 
2017 
2008 
2010 
2011 
2008 
2009 
2009 
2020 
2015 
2012 
2008 
2015 
2020 
2008 
2020 
2020 
2017 
2010 
2008 
2020 
2013 
2008 
2012 
2009 
2012 
2019 
2019 
2009 
2009 
2019 
2008 
2008 
2020 
2020 
2008 
2020 
2014 
2011 
2020 
2008 
2008 
2020 
2008 
2009 
2009 
2011 
2019 
2012 
2020 
2009 
2009 
2008 
2008 
2011 
2008 
2008 
2011 
2012 
2019 
2020 
2020 
2014 
2012 
2012 
2013 
2012 
2011 
2011 
2011 
2019 
2008 
2019 
2020 
2019 
2019 
2018 
2020 
2017 
2008 
2018 
2011 
2014 
2008 
2019 
2017 
2008 
2018 
2010 
2008 
2019 
2009 
2013 
2019 
2008 
2011 
2009 
2020 
2009 
2020 
2020 
2008 
2008 
2008 
2009 
2009 
2008 
2008 
2009 
2009 
2009 
2008 
2012 
2020 
2013 
2009 
2008 
2012 
2012 
2019 
2012 
2011 
2013 
2008 
2012 
2012 
2008 
2012 
2008 
2020 
2019 
2008 
2009 
2015 
2012 
2008 
2011 
2018 
2013 
2010 
2011 
2014 
2012 
2008 
2010 
2014 
2009 
2018 
2012 
2010 
2008 
2010 
2018 
2008 
2010 
2008 
2009 
2012 
2017 
2012 
2010 
2011 
2008 
2009 
2010 
2012 
2011 
2009 
2009 
2009 
2014 
2020 
2011 
2010 
2011 
2011 
2013 
2008 
2009 
2008 
2008 
2011 
2019 
2019 
217 000
198 000
19 520
199 000
141 000
32 300
1
63 000
23 750
13 380
138 243
189 250
1 000
164 000
9
28 200
215 198
235 000
169 900
183 000
89 000
173 000
214 000
258 000
179 186
1
181 000
10
11 700
160 000
242 000
45 000
189 225
168 105
16 045
223 142
107 958
85 162
198 827
163 000
122 000
223 000
161 000
260 300
1
93 554
147 085
265 000
79 000
5
244 000
10
5
73 705
171 000
221 000
10
93 000
200 944
160 000
205 000
224 000
1
1
166 770
150 000
4 600
167 800
187 254
100
6
219 352
10
164 500
189 000
6
249 886
122 000
6
106 921
142 000
175 000
183 000
22 556
238 899
4 500
128 000
264 000
286 900
229 128
205 000
169 000
240 000
189 000
189 000
15 700
8
2 498
250 000
231 000
236 000
179 554
178 000
154 239
176 000
129 000
45 000
231 000
40 000
10 900
26 520
17 300
53 000
5
89 715
212 000
45 831
164 254
187 600
173 860
24 100
18 828
251 000
57 316
150 000
241 889
12 000
147 000
197 830
21 500
212 000
266 000
159 890
5
248 940
10
3 500
155 704
260 000
144 000
260 000
188 000
164 115
193 000
260 000
272 000
244 000
290 000
166 000
1
216 000
92 200
142 000
189 000
106 000
10
126 528
148 569
111 000
170 000
170 000
240 000
146 728
144 500
167 800
7
20 800
217 892
173 000
199 000
170 631
260 000
129 127
39 600
180 000
195 572
222 000
65 000
117 000
235 328
156 000
139 000
204 965
51 000
138 000
229 000
228 652
180 000
39 900
173 545
196 345
197 000
20 900
170 000
47 635
156 827
207 430
170 000
259 875
206 000
134 000
126 000
180 000
182 000
186 000
167 000
215 000
5
173 000
178 000
240 000
169 769
149 133
162 000
215 467
184 569
187 409
236 773
47 000
19 800
