6 000
15 900
17 900
21 000
24 000
90 000
7 900
8 000
2 750
17 900
12 200
14 500
17 500
15 900
6 500
9 700
8 200
12 800
8 800
14 900
6 700
7 900
9 700
13 999
4 850
9 900
37 900
13 900
7 900
7 900
30 900
6 900
15 890
5 900
9 900
14 900
13 900
11 700
4 100
12 300
10 800
12 800
1 900
6 950
13 000
37 900
5 000
25 999
3 300
14 900
3 900
30 700
9 900
9 900
14 800
8 900
7 200
49 900
18 200
51 900
12 500
3 900
12 500
17 900
5 199
44 800
5 800
4 499
42 800
7 999
15 900
15 900
11 999
10 800
15 000
59 900
7 900
11 400
8 900
63 000
42 000
7 900
15 900
11 500
11 500
4 900
19 900
8 444
10 900
2006 
2006 
2007 
2002 
2006 
2003 
2004 
2005 
2002 
2006 
2008 
2008 
2006 
2008 
2000 
2003 
2006 
2007 
2004 
2007 
2005 
2000 
2005 
2008 
2006 
2009 
2011 
2006 
2003 
1999 
2010 
2004 
2003 
2006 
2003 
2007 
2007 
1999 
2004 
2002 
2005 
2006 
2005 
1999 
2008 
2011 
2004 
2011 
2002 
2006 
2003 
2010 
2004 
2005 
2007 
2006 
2003 
2011 
2009 
2011 
2008 
2004 
2006 
2007 
2002 
2011 
2005 
2000 
2011 
2003 
2005 
2007 
2006 
2005 
2002 
2011 
2006 
2007 
2006 
2011 
2011 
2003 
2008 
2001 
2008 
1998 
2002 
2004 
2004 
249 000
278 103
218 000
124 000
179 500
40 424
281 000
235 110
284 907
277 000
280 400
248 755
270 000
209 000
190 000
322 450
195 000
179 000
236 487
191 231
244 000
311 000
153 359
248 000
294 000
220 000
150 000
168 000
256 000
215 389
200 900
320 000
380 000
340 000
191 000
215 000
170 000
233 000
207 000
236 648
182 400
240 000
277 395
146 790
216 767
155 000
252 000
209 000
370 000
147 000
200 000
255 000
235 000
382 000
317 000
300 000
256 000
241 821
210 500
171 407
162 000
180 000
194 000
205 439
213 654
181 200
424 000
303 000
160 000
230 000
201 300
301 000
221 234
311 372
234 300
263 000
225 000
203 000
280 213
62 440
134 000
200 143
207 539
286 000
215 000
285 000
264 713
356 444
184 000
6 000
15 900
17 900
21 000
24 000
90 000
7 900
8 000
2 750
17 900
12 200
14 500
17 500
15 900
6 500
9 700
8 200
12 800
8 800
14 900
6 700
7 900
9 700
13 999
4 850
9 900
37 900
13 900
7 900
7 900
30 900
6 900
15 890
5 900
9 900
14 900
13 900
11 700
4 100
12 300
10 800
12 800
1 900
6 950
13 000
37 900
5 000
25 999
3 300
14 900
3 900
30 700
9 900
9 900
14 800
8 900
7 200
49 900
18 200
51 900
12 500
3 900
12 500
17 900
5 199
44 800
5 800
4 499
42 800
7 999
15 900
15 900
11 999
10 800
15 000
59 900
7 900
11 400
8 900
63 000
42 000
7 900
15 900
11 500
11 500
4 900
19 900
8 444
10 900
2006 
2006 
2007 
2002 
2006 
2003 
2004 
2005 
2002 
2006 
2008 
2008 
2006 
2008 
2000 
2003 
2006 
2007 
2004 
2007 
2005 
2000 
2005 
2008 
2006 
2009 
2011 
2006 
2003 
1999 
2010 
2004 
2003 
2006 
2003 
2007 
2007 
1999 
2004 
2002 
2005 
2006 
2005 
1999 
2008 
2011 
2004 
2011 
2002 
2006 
2003 
2010 
2004 
2005 
2007 
2006 
2003 
2011 
2009 
2011 
2008 
2004 
2006 
2007 
2002 
2011 
2005 
2000 
2011 
2003 
2005 
2007 
2006 
2005 
2002 
2011 
2006 
2007 
2006 
2011 
2011 
2003 
2008 
2001 
2008 
1998 
2002 
2004 
2004 
249 000
278 103
218 000
124 000
179 500
40 424
281 000
235 110
284 907
277 000
280 400
248 755
270 000
209 000
190 000
322 450
195 000
179 000
236 487
191 231
244 000
311 000
153 359
248 000
294 000
220 000
150 000
168 000
256 000
215 389
200 900
320 000
380 000
340 000
191 000
215 000
170 000
233 000
207 000
236 648
182 400
240 000
277 395
146 790
216 767
155 000
252 000
209 000
370 000
147 000
200 000
255 000
235 000
382 000
317 000
300 000
256 000
241 821
210 500
171 407
162 000
180 000
194 000
205 439
213 654
181 200
424 000
303 000
160 000
230 000
201 300
301 000
221 234
311 372
234 300
263 000
225 000
203 000
280 213
62 440
134 000
200 143
207 539
286 000
215 000
285 000
264 713
356 444
184 000
6 000
15 900
17 900
21 000
24 000
90 000
7 900
8 000
2 750
17 900
12 200
14 500
17 500
15 900
6 500
9 700
8 200
12 800
8 800
14 900
6 700
7 900
9 700
13 999
4 850
9 900
37 900
13 900
7 900
7 900
30 900
6 900
15 890
5 900
9 900
14 900
13 900
11 700
4 100
12 300
10 800
12 800
1 900
6 950
13 000
37 900
5 000
25 999
3 300
14 900
3 900
30 700
9 900
9 900
14 800
8 900
7 200
49 900
18 200
51 900
12 500
3 900
12 500
17 900
5 199
44 800
5 800
4 499
42 800
7 999
15 900
15 900
11 999
10 800
15 000
59 900
7 900
11 400
8 900
63 000
42 000
7 900
15 900
11 500
11 500
4 900
19 900
8 444
10 900
2006 
2006 
2007 
2002 
2006 
2003 
2004 
2005 
2002 
2006 
2008 
2008 
2006 
2008 
2000 
2003 
2006 
2007 
2004 
2007 
2005 
2000 
2005 
2008 
2006 
2009 
2011 
2006 
2003 
1999 
2010 
2004 
2003 
2006 
2003 
2007 
2007 
1999 
2004 
2002 
2005 
2006 
2005 
1999 
2008 
2011 
2004 
2011 
2002 
2006 
2003 
2010 
2004 
2005 
2007 
2006 
2003 
2011 
2009 
2011 
2008 
2004 
2006 
2007 
2002 
2011 
2005 
2000 
2011 
2003 
2005 
2007 
2006 
2005 
2002 
2011 
2006 
2007 
2006 
2011 
2011 
2003 
2008 
2001 
2008 
1998 
2002 
2004 
2004 
249 000
278 103
218 000
124 000
179 500
40 424
281 000
235 110
284 907
277 000
280 400
248 755
270 000
209 000
190 000
322 450
195 000
179 000
236 487
191 231
244 000
311 000
153 359
248 000
294 000
220 000
150 000
168 000
256 000
215 389
200 900
320 000
380 000
340 000
191 000
215 000
170 000
233 000
207 000
236 648
182 400
240 000
277 395
146 790
216 767
155 000
252 000
209 000
370 000
147 000
200 000
255 000
235 000
382 000
317 000
300 000
256 000
241 821
210 500
171 407
162 000
180 000
194 000
205 439
213 654
181 200
424 000
303 000
160 000
230 000
201 300
301 000
221 234
311 372
234 300
263 000
225 000
203 000
280 213
62 440
134 000
200 143
207 539
286 000
215 000
285 000
264 713
356 444
184 000
