560 000
215 000
622 688
778 950
644 643
869 900
113 900
489 000
891 000
868 935
165 000
813 710
198 000
699 000
569 900
144 000
599 000
179 000
480 000
228 000
258 000
360 000
179 000
188 000
179 000
259 000
499 999
2017 
2008 
2020 
2020 
2020 
2019 
2017 
2016 
2020 
2020 
2009 
2020 
2008 
2018 
2017 
2007 
2020 
2008 
2016 
2012 
2014 
2012 
2008 
2009 
2008 
2011 
2016 
79 702
49 000
5
5
5
4 821
24 000
30 000
5
10
118 000
1
48 000
8 900
64 036
168 000
55
85 017
35 000
65 000
35 000
34 000
92 000
81 000
130 000
11 000
67 500
