20 900
27 900
14 900
15 850
21 900
24 000
10 500
25 500
9 900
13 900
22 900
13 900
17 000
14 600
26 900
17 900
15 900
11 000
33 000
11 900
12 500
13 900
15 900
21 500
19 900
12 000
9 250
27 921
11 800
8 000
13 900
8 900
8 400
13 900
21 900
33 900
15 700
12 999
14 900
14 600
14 900
20 900
16 800
11 500
3 800
8 950
24 990
7 200
11 900
15 498
15 900
18 500
15 500
8 900
12 900
19 900
25 900
10 900
24 500
18 900
12 800
17 900
11 999
16 900
12 000
8 500
54 000
19 900
7 300
17 999
10 900
12 999
9 300
7 900
29 900
19 500
9 900
9 500
4 499
15 500
46 000
12 900
8 600
16 500
12 900
4 300
14 900
12 900
5 950
6 500
6 500
29 800
7 880
15 900
8 900
13 900
13 200
12 999
8 000
9 900
49 900
16 000
19 000
12 900
17 900
22 900
7 777
29 900
19 900
16 900
13 500
17 999
19 999
17 900
15 500
17 500
23 900
22 900
25 900
15 900
15 999
18 900
16 500
17 700
15 500
26 900
25 000
14 900
8 700
16 900
32 000
14 900
26 900
4 900
16 900
12 000
16 900
16 900
5 900
31 000
10 900
17 900
12 900
14 900
11 400
15 700
8 900
17 300
5 900
17 900
15 900
21 700
12 900
8 900
8 900
17 999
28 900
23 900
14 900
25 900
9 999
13 900
7 900
4 900
18 500
26 900
21 900
16 900
9 900
9 000
20 900
14 900
15 900
15 900
13 900
8 900
16 900
9 800
12 900
8 900
26 900
26 900
18 900
9 900
23 900
19 499
29 900
3 200
12 900
13 000
1 900
4 100
1 399
9 900
10 900
17 300
20 300
21 997
43 500
22 990
9 717
12 999
14 900
14 900
2 500
14 300
6 999
16 999
11 999
15 900
14 900
10 900
11 900
17 900
18 900
3 300
17 900
15 500
7 500
19 900
7 200
16 100
16 800
15 900
5 500
9 900
19 990
15 900
13 900
14 499
8 500
6 999
13 500
19 900
12 900
13 500
13 690
5 900
1 999
10 500
10 900
14 000
7 500
10 700
13 700
8 900
10 500
12 900
12 900
13 000
3 250
11 800
3 250
13 600
10 900
14 400
11 900
29 900
2 700
27 900
13 900
20 500
8 600
40 500
11 700
25 800
12 500
15 700
27 000
21 900
10 900
7 500
13 900
8 900
13 400
18 900
20 700
11 800
15 900
13 900
17 900
13 300
10 900
7 900
13 500
8 999
16 200
7 200
16 800
8 300
11 900
8 000
10 600
15 600
10 500
13 400
14 400
16 900
6 500
14 900
7 800
19 400
7 700
14 300
19 499
4 700
11 990
9 200
12 000
13 000
21 900
12 500
11 300
13 999
15 900
24 300
20 000
19 900
11 900
27 500
13 900
18 900
13 000
10 900
16 999
8 200
15 900
6 500
21 000
14 900
14 890
13 900
2 500
6 500
2007 
2011 
2007 
2006 
2008 
2009 
2005 
2008 
2003 
2007 
2010 
2008 
2002 
2007 
2008 
2001 
2004 
2007 
2010 
2005 
2006 
2004 
2007 
2007 
2010 
2007 
2005 
2007 
2006 
2006 
2004 
2006 
2004 
2003 
2010 
2005 
2004 
2007 
2006 
2008 
2008 
2008 
2005 
2003 
2007 
2007 
2008 
1998 
2005 
2008 
2004 
2009 
2008 
2003 
2006 
2008 
2007 
2006 
2009 
2008 
2008 
2008 
2008 
2007 
2007 
2005 
2008 
2007 
2002 
2007 
2005 
2008 
2007 
2007 
2008 
2007 
2004 
2003 
2003 
2007 
2008 
2008 
2005 
2003 
2006 
1999 
2009 
2006 
2010 
1999 
2001 
2011 
2003 
2007 
2004 
2003 
2005 
2005 
2003 
2007 
2011 
2003 
2007 
2007 
2008 
2009 
2006 
2008 
2008 
2005 
2008 
2008 
2000 
2004 
2007 
2009 
2007 
2008 
2004 
2007 
2008 
2009 
2008 
2008 
2005 
2008 
2005 
2002 
2005 
2004 
2008 
2007 
2008 
2007 
2008 
2002 
2008 
2003 
2005 
2010 
2004 
2009 
2009 
2007 
2007 
2008 
2006 
2009 
2000 
2007 
2006 
2007 
2009 
2002 
2005 
2008 
2007 
2007 
2003 
2008 
2008 
2008 
2002 
2003 
2003 
2005 
2007 
2008 
2004 
2004 
2010 
2008 
2008 
2003 
2004 
2004 
2008 
2004 
2006 
2001 
2010 
2008 
2005 
2006 
2008 
1999 
2008 
2001 
2000 
2004 
1999 
2000 
2000 
2003 
2004 
2008 
2008 
2007 
2009 
2008 
2007 
2006 
2003 
2005 
2006 
2005 
2004 
2001 
2005 
2006 
2007 
2005 
2006 
2009 
2006 
2000 
2005 
2004 
2004 
2004 
2005 
2008 
2008 
2003 
2000 
2005 
2009 
2008 
2006 
2002 
2006 
2004 
2006 
2008 
2007 
2005 
2007 
2006 
1998 
2006 
2007 
2008 
2006 
2006 
2008 
2005 
2005 
2004 
2007 
2003 
2001 
2004 
2006 
2008 
2006 
2007 
2006 
2011 
2001 
2008 
2003 
2007 
2004 
2010 
2007 
2008 
2007 
2008 
2009 
2008 
2006 
2003 
2006 
2003 
2003 
2005 
2008 
2006 
2009 
2007 
2008 
2008 
2007 
2004 
2006 
2005 
2008 
2007 
2005 
2006 
2006 
2006 
2006 
2008 
2004 
2006 
2008 
2008 
2003 
1998 
2000 
2008 
2002 
2007 
2003 
2003 
2005 
2001 
2007 
2009 
2005 
2007 
2007 
2005 
2007 
2011 
2004 
2008 
2006 
2008 
2008 
2008 
1998 
2006 
2008 
2006 
2006 
2002 
2007 
2008 
2007 
2006 
2001 
2000 
243 000
115 000
252 000
204 000
189 400
207 000
284 000
175 000
180 000
240 000
212 000
270 000
223 006
183 973
266 382
251 133
220 810
345 000
200 100
238 000
278 000
249 000
211 000
191 000
259 000
140 000
244 000
167 592
239 000
288 000
250 974
307 300
289 000
240 000
156 000
149 000
217 000
318 123
242 000
217 000
270 000
300 300
260 000
236 393
235 737
340 000
201 352
192 000
290 000
293 000
230 000
152 000
223 700
258 000
174 805
232 200
208 000
271 000
182 000
221 000
345 214
274 500
254 000
245 000
260 000
279 426
144 000
210 000
309 000
176 903
141 682
259 123
210 738
185 000
172 124
225 000
261 489
255 380
275 000
283 000
140 000
182 000
375 000
170 000
227 000
200 000
238 000
217 070
250 565
240 000
214 000
228 650
299 900
193 000
209 100
276 000
131 000
326 500
230 000
263 000
201 500
282 000
256 000
226 600
173 000
228 000
278 375
230 000
230 000
144 000
199 000
224 000
273 000
175 000
249 000
151 000
260 000
224 000
215 500
210 000
198 000
172 000
227 600
272 000
168 000
205 000
246 000
255 200
281 000
241 000
224 714
202 000
147 000
150 000
186 000
195 676
207 000
218 000
247 721
215 000
226 587
202 000
192 571
230 000
220 000
255 000
296 000
182 494
207 000
226 000
168 940
291 000
236 000
252 609
301 000
195 000
130 000
245 000
236 000
214 000
280 000
130 000
192 000
248 000
195 243
77 252
220 928
294 650
268 620
290 000
220 000
268 200
246 500
202 141
210 000
290 000
260 000
261 000
357 000
241 710
181 000
135 000
179 000
270 000
2 240 000
277 000
272 000
314 000
346 998
283 533
172 000
290 000
212 256
280 000
220 000
182 000
226 000
158 000
135 000
263 000
181 000
298 000
197 000
270 000
182 400
175 000
310 000
251 000
332 000
314 000
179 000
265 000
161 200
223 000
198 690
229 189
290 000
230 000
324 000
223 000
242 000
224 000
233 000
308 000
303 000
299 000
260 000
280 000
249 000
165 900
350 000
250 000
370 571
91 000
104 360
247 000
254 300
352 000
357 000
193 232
267 000
320 000
393 000
242 800
210 000
180 000
203 546
205 000
315 000
325 000
178 088
243 357
243 260
216 000
289 000
209 568
250 000
328 013
300 630
161 000
225 000
221 451
264 000
181 400
265 000
180 000
372 000
260 000
174 500
254 931
243 650
192 564
212 000
249 300
235 000
261 000
239 000
197 032
225 672
229 000
216 000
246 500
318 000
111 111
152 510
245 000
269 421
208 000
293 000
437 000
287 000
238 000
244 000
313 000
263 800
267 706
313 767
215 000
383 000
211 000
241 000
168 000
166 793
250 500
274 000
291 000
185 666
216 000
188 508
129 000
159 000
256 600
283 000
214 560
249 856
215 750
250 500
260 000
245 000
201 000
252 000
290 000
427 700
182 000
110 000
250 000
190 000
115 300
200 000
214 300
202 000
242 071
296 000
300 000
20 900
27 900
14 900
15 850
21 900
24 000
10 500
25 500
9 900
13 900
22 900
13 900
17 000
14 600
26 900
17 900
15 900
11 000
33 000
11 900
12 500
13 900
15 900
21 500
19 900
12 000
9 250
27 921
11 800
8 000
13 900
8 900
8 400
13 900
21 900
33 900
15 700
12 999
14 900
14 600
14 900
20 900
16 800
11 500
3 800
8 950
24 990
7 200
11 900
15 498
15 900
18 500
15 500
8 900
12 900
19 900
25 900
10 900
24 500
18 900
12 800
17 900
11 999
16 900
12 000
8 500
54 000
19 900
7 300
17 999
10 900
12 999
9 300
7 900
29 900
19 500
9 900
9 500
4 499
15 500
46 000
12 900
8 600
16 500
12 900
4 300
14 900
12 900
5 950
6 500
6 500
29 800
7 880
15 900
8 900
13 900
13 200
12 999
8 000
9 900
49 900
16 000
19 000
12 900
17 900
22 900
7 777
29 900
19 900
16 900
13 500
17 999
19 999
17 900
15 500
17 500
23 900
22 900
25 900
15 900
15 999
18 900
16 500
17 700
15 500
26 900
25 000
14 900
8 700
16 900
32 000
14 900
26 900
4 900
16 900
12 000
16 900
16 900
5 900
31 000
10 900
17 900
12 900
14 900
11 400
15 700
8 900
17 300
5 900
17 900
15 900
21 700
12 900
8 900
8 900
17 999
28 900
23 900
14 900
25 900
9 999
13 900
7 900
4 900
18 500
26 900
21 900
16 900
9 900
9 000
20 900
14 900
15 900
15 900
13 900
8 900
16 900
9 800
12 900
8 900
26 900
26 900
18 900
9 900
23 900
19 499
29 900
3 200
12 900
13 000
1 900
4 100
1 399
9 900
10 900
17 300
20 300
21 997
43 500
22 990
9 717
12 999
14 900
14 900
2 500
14 300
6 999
16 999
11 999
15 900
14 900
10 900
11 900
17 900
18 900
3 300
17 900
15 500
7 500
19 900
7 200
16 100
16 800
15 900
5 500
9 900
19 990
15 900
13 900
14 499
8 500
6 999
13 500
19 900
12 900
13 500
13 690
5 900
1 999
10 500
10 900
14 000
7 500
10 700
13 700
8 900
10 500
12 900
12 900
13 000
3 250
11 800
3 250
13 600
10 900
14 400
11 900
29 900
2 700
27 900
13 900
20 500
8 600
40 500
11 700
25 800
12 500
15 700
27 000
21 900
10 900
7 500
13 900
8 900
13 400
18 900
20 700
11 800
15 900
13 900
17 900
13 300
10 900
7 900
13 500
8 999
16 200
7 200
16 800
8 300
11 900
8 000
10 600
15 600
10 500
13 400
14 400
16 900
6 500
14 900
7 800
19 400
7 700
14 300
19 499
4 700
11 990
9 200
12 000
13 000
21 900
12 500
11 300
13 999
15 900
24 300
20 000
19 900
11 900
27 500
13 900
18 900
13 000
10 900
16 999
8 200
15 900
6 500
21 000
14 900
14 890
13 900
2 500
6 500
2007 
2011 
2007 
2006 
2008 
2009 
2005 
2008 
2003 
2007 
2010 
2008 
2002 
2007 
2008 
2001 
2004 
2007 
2010 
2005 
2006 
2004 
2007 
2007 
2010 
2007 
2005 
2007 
2006 
2006 
2004 
2006 
2004 
2003 
2010 
2005 
2004 
2007 
2006 
2008 
2008 
2008 
2005 
2003 
2007 
2007 
2008 
1998 
2005 
2008 
2004 
2009 
2008 
2003 
2006 
2008 
2007 
2006 
2009 
2008 
2008 
2008 
2008 
2007 
2007 
2005 
2008 
2007 
2002 
2007 
2005 
2008 
2007 
2007 
2008 
2007 
2004 
2003 
2003 
2007 
2008 
2008 
2005 
2003 
2006 
1999 
2009 
2006 
2010 
1999 
2001 
2011 
2003 
2007 
2004 
2003 
2005 
2005 
2003 
2007 
2011 
2003 
2007 
2007 
2008 
2009 
2006 
2008 
2008 
2005 
2008 
2008 
2000 
2004 
2007 
2009 
2007 
2008 
2004 
2007 
2008 
2009 
2008 
2008 
2005 
2008 
2005 
2002 
2005 
2004 
2008 
2007 
2008 
2007 
2008 
2002 
2008 
2003 
2005 
2010 
2004 
2009 
2009 
2007 
2007 
2008 
2006 
2009 
2000 
2007 
2006 
2007 
2009 
2002 
2005 
2008 
2007 
2007 
2003 
2008 
2008 
2008 
2002 
2003 
2003 
2005 
2007 
2008 
2004 
2004 
2010 
2008 
2008 
2003 
2004 
2004 
2008 
2004 
2006 
2001 
2010 
2008 
2005 
2006 
2008 
1999 
2008 
2001 
2000 
2004 
1999 
2000 
2000 
2003 
2004 
2008 
2008 
2007 
2009 
2008 
2007 
2006 
2003 
2005 
2006 
2005 
2004 
2001 
2005 
2006 
2007 
2005 
2006 
2009 
2006 
2000 
2005 
2004 
2004 
2004 
2005 
2008 
2008 
2003 
2000 
2005 
2009 
2008 
2006 
2002 
2006 
2004 
2006 
2008 
2007 
2005 
2007 
2006 
1998 
2006 
2007 
2008 
2006 
2006 
2008 
2005 
2005 
2004 
2007 
2003 
2001 
2004 
2006 
2008 
2006 
2007 
2006 
2011 
2001 
2008 
2003 
2007 
2004 
2010 
2007 
2008 
2007 
2008 
2009 
2008 
2006 
2003 
2006 
2003 
2003 
2005 
2008 
2006 
2009 
2007 
2008 
2008 
2007 
2004 
2006 
2005 
2008 
2007 
2005 
2006 
2006 
2006 
2006 
2008 
2004 
2006 
2008 
2008 
2003 
1998 
2000 
2008 
2002 
2007 
2003 
2003 
2005 
2001 
2007 
2009 
2005 
2007 
2007 
2005 
2007 
2011 
2004 
2008 
2006 
2008 
2008 
2008 
1998 
2006 
2008 
2006 
2006 
2002 
2007 
2008 
2007 
2006 
2001 
2000 
243 000
115 000
252 000
204 000
189 400
207 000
284 000
175 000
180 000
240 000
212 000
270 000
223 006
183 973
266 382
251 133
220 810
345 000
200 100
238 000
278 000
249 000
211 000
191 000
259 000
140 000
244 000
167 592
239 000
288 000
250 974
307 300
289 000
240 000
156 000
149 000
217 000
318 123
242 000
217 000
270 000
300 300
260 000
236 393
235 737
340 000
201 352
192 000
290 000
293 000
230 000
152 000
223 700
258 000
174 805
232 200
208 000
271 000
182 000
221 000
345 214
274 500
254 000
245 000
260 000
279 426
144 000
210 000
309 000
176 903
141 682
259 123
210 738
185 000
172 124
225 000
261 489
255 380
275 000
283 000
140 000
182 000
375 000
170 000
227 000
200 000
238 000
217 070
250 565
240 000
214 000
228 650
299 900
193 000
209 100
276 000
131 000
326 500
230 000
263 000
201 500
282 000
256 000
226 600
173 000
228 000
278 375
230 000
230 000
144 000
199 000
224 000
273 000
175 000
249 000
151 000
260 000
224 000
215 500
210 000
198 000
172 000
227 600
272 000
168 000
205 000
246 000
255 200
281 000
241 000
224 714
202 000
147 000
150 000
186 000
195 676
207 000
218 000
247 721
215 000
226 587
202 000
192 571
230 000
220 000
255 000
296 000
182 494
207 000
226 000
168 940
291 000
236 000
252 609
301 000
195 000
130 000
245 000
236 000
214 000
280 000
130 000
192 000
248 000
195 243
77 252
220 928
294 650
268 620
290 000
220 000
268 200
246 500
202 141
210 000
290 000
260 000
261 000
357 000
241 710
181 000
135 000
179 000
270 000
2 240 000
277 000
272 000
314 000
346 998
283 533
172 000
290 000
212 256
280 000
220 000
182 000
226 000
158 000
135 000
263 000
181 000
298 000
197 000
270 000
182 400
175 000
310 000
251 000
332 000
314 000
179 000
265 000
161 200
223 000
198 690
229 189
290 000
230 000
324 000
223 000
242 000
224 000
233 000
308 000
303 000
299 000
260 000
280 000
249 000
165 900
350 000
250 000
370 571
91 000
104 360
247 000
254 300
352 000
357 000
193 232
267 000
320 000
393 000
242 800
210 000
180 000
203 546
205 000
315 000
325 000
178 088
243 357
243 260
216 000
289 000
209 568
250 000
328 013
300 630
161 000
225 000
221 451
264 000
181 400
265 000
180 000
372 000
260 000
174 500
254 931
243 650
192 564
212 000
249 300
235 000
261 000
239 000
197 032
225 672
229 000
216 000
246 500
318 000
111 111
152 510
245 000
269 421
208 000
293 000
437 000
287 000
238 000
244 000
313 000
263 800
267 706
313 767
215 000
383 000
211 000
241 000
168 000
166 793
250 500
274 000
291 000
185 666
216 000
188 508
129 000
159 000
256 600
283 000
214 560
249 856
215 750
250 500
260 000
245 000
201 000
252 000
290 000
427 700
182 000
110 000
250 000
190 000
115 300
200 000
214 300
202 000
242 071
296 000
300 000
20 900
27 900
14 900
15 850
21 900
24 000
10 500
25 500
9 900
13 900
22 900
13 900
17 000
14 600
26 900
17 900
15 900
11 000
33 000
11 900
12 500
13 900
15 900
21 500
19 900
12 000
9 250
27 921
11 800
8 000
13 900
8 900
8 400
13 900
21 900
33 900
15 700
12 999
14 900
14 600
14 900
20 900
16 800
11 500
3 800
8 950
24 990
7 200
11 900
15 498
15 900
18 500
15 500
8 900
12 900
19 900
25 900
10 900
24 500
18 900
12 800
17 900
11 999
16 900
12 000
8 500
54 000
19 900
7 300
17 999
10 900
12 999
9 300
7 900
29 900
19 500
9 900
9 500
4 499
15 500
46 000
12 900
8 600
16 500
12 900
4 300
14 900
12 900
5 950
6 500
6 500
29 800
7 880
15 900
8 900
13 900
13 200
12 999
8 000
9 900
49 900
16 000
19 000
12 900
17 900
22 900
7 777
29 900
19 900
16 900
13 500
17 999
19 999
17 900
15 500
17 500
23 900
22 900
25 900
15 900
15 999
18 900
16 500
17 700
15 500
26 900
25 000
14 900
8 700
16 900
32 000
14 900
26 900
4 900
16 900
12 000
16 900
16 900
5 900
31 000
10 900
17 900
12 900
14 900
11 400
15 700
8 900
17 300
5 900
17 900
15 900
21 700
12 900
8 900
8 900
17 999
28 900
23 900
14 900
25 900
9 999
13 900
7 900
4 900
18 500
26 900
21 900
16 900
9 900
9 000
20 900
14 900
15 900
15 900
13 900
8 900
16 900
9 800
12 900
8 900
26 900
26 900
18 900
9 900
23 900
19 499
29 900
3 200
12 900
13 000
1 900
4 100
1 399
9 900
10 900
17 300
20 300
21 997
43 500
22 990
9 717
12 999
14 900
14 900
2 500
14 300
6 999
16 999
11 999
15 900
14 900
10 900
11 900
17 900
18 900
3 300
17 900
15 500
7 500
19 900
7 200
16 100
16 800
15 900
5 500
9 900
19 990
15 900
13 900
14 499
8 500
6 999
13 500
19 900
12 900
13 500
13 690
5 900
1 999
10 500
10 900
14 000
7 500
10 700
13 700
8 900
10 500
12 900
12 900
13 000
3 250
11 800
3 250
13 600
10 900
14 400
11 900
29 900
2 700
27 900
13 900
20 500
8 600
40 500
11 700
25 800
12 500
15 700
27 000
21 900
10 900
7 500
13 900
8 900
13 400
18 900
20 700
11 800
15 900
13 900
17 900
13 300
10 900
7 900
13 500
8 999
16 200
7 200
16 800
8 300
11 900
8 000
10 600
15 600
10 500
13 400
14 400
16 900
6 500
14 900
7 800
19 400
7 700
14 300
19 499
4 700
11 990
9 200
12 000
13 000
21 900
12 500
11 300
13 999
15 900
24 300
20 000
19 900
11 900
27 500
13 900
18 900
13 000
10 900
16 999
8 200
15 900
6 500
21 000
14 900
14 890
13 900
2 500
6 500
2007 
2011 
2007 
2006 
2008 
2009 
2005 
2008 
2003 
2007 
2010 
2008 
2002 
2007 
2008 
2001 
2004 
2007 
2010 
2005 
2006 
2004 
2007 
2007 
2010 
2007 
2005 
2007 
2006 
2006 
2004 
2006 
2004 
2003 
2010 
2005 
2004 
2007 
2006 
2008 
2008 
2008 
2005 
2003 
2007 
2007 
2008 
1998 
2005 
2008 
2004 
2009 
2008 
2003 
2006 
2008 
2007 
2006 
2009 
2008 
2008 
2008 
2008 
2007 
2007 
2005 
2008 
2007 
2002 
2007 
2005 
2008 
2007 
2007 
2008 
2007 
2004 
2003 
2003 
2007 
2008 
2008 
2005 
2003 
2006 
1999 
2009 
2006 
2010 
1999 
2001 
2011 
2003 
2007 
2004 
2003 
2005 
2005 
2003 
2007 
2011 
2003 
2007 
2007 
2008 
2009 
2006 
2008 
2008 
2005 
2008 
2008 
2000 
2004 
2007 
2009 
2007 
2008 
2004 
2007 
2008 
2009 
2008 
2008 
2005 
2008 
2005 
2002 
2005 
2004 
2008 
2007 
2008 
2007 
2008 
2002 
2008 
2003 
2005 
2010 
2004 
2009 
2009 
2007 
2007 
2008 
2006 
2009 
2000 
2007 
2006 
2007 
2009 
2002 
2005 
2008 
2007 
2007 
2003 
2008 
2008 
2008 
2002 
2003 
2003 
2005 
2007 
2008 
2004 
2004 
2010 
2008 
2008 
2003 
2004 
2004 
2008 
2004 
2006 
2001 
2010 
2008 
2005 
2006 
2008 
1999 
2008 
2001 
2000 
2004 
1999 
2000 
2000 
2003 
2004 
2008 
2008 
2007 
2009 
2008 
2007 
2006 
2003 
2005 
2006 
2005 
2004 
2001 
2005 
2006 
2007 
2005 
2006 
2009 
2006 
2000 
2005 
2004 
2004 
2004 
2005 
2008 
2008 
2003 
2000 
2005 
2009 
2008 
2006 
2002 
2006 
2004 
2006 
2008 
2007 
2005 
2007 
2006 
1998 
2006 
2007 
2008 
2006 
2006 
2008 
2005 
2005 
2004 
2007 
2003 
2001 
2004 
2006 
2008 
2006 
2007 
2006 
2011 
2001 
2008 
2003 
2007 
2004 
2010 
2007 
2008 
2007 
2008 
2009 
2008 
2006 
2003 
2006 
2003 
2003 
2005 
2008 
2006 
2009 
2007 
2008 
2008 
2007 
2004 
2006 
2005 
2008 
2007 
2005 
2006 
2006 
2006 
2006 
2008 
2004 
2006 
2008 
2008 
2003 
1998 
2000 
2008 
2002 
2007 
2003 
2003 
2005 
2001 
2007 
2009 
2005 
2007 
2007 
2005 
2007 
2011 
2004 
2008 
2006 
2008 
2008 
2008 
1998 
2006 
2008 
2006 
2006 
2002 
2007 
2008 
2007 
2006 
2001 
2000 
243 000
115 000
252 000
204 000
189 400
207 000
284 000
175 000
180 000
240 000
212 000
270 000
223 006
183 973
266 382
251 133
220 810
345 000
200 100
238 000
278 000
249 000
211 000
191 000
259 000
140 000
244 000
167 592
239 000
288 000
250 974
307 300
289 000
240 000
156 000
149 000
217 000
318 123
242 000
217 000
270 000
300 300
260 000
236 393
235 737
340 000
201 352
192 000
290 000
293 000
230 000
152 000
223 700
258 000
174 805
232 200
208 000
271 000
182 000
221 000
345 214
274 500
254 000
245 000
260 000
279 426
144 000
210 000
309 000
176 903
141 682
259 123
210 738
185 000
172 124
225 000
261 489
255 380
275 000
283 000
140 000
182 000
375 000
170 000
227 000
200 000
238 000
217 070
250 565
240 000
214 000
228 650
299 900
193 000
209 100
276 000
131 000
326 500
230 000
263 000
201 500
282 000
256 000
226 600
173 000
228 000
278 375
230 000
230 000
144 000
199 000
224 000
273 000
175 000
249 000
151 000
260 000
224 000
215 500
210 000
198 000
172 000
227 600
272 000
168 000
205 000
246 000
255 200
281 000
241 000
224 714
202 000
147 000
150 000
186 000
195 676
207 000
218 000
247 721
215 000
226 587
202 000
192 571
230 000
220 000
255 000
296 000
182 494
207 000
226 000
168 940
291 000
236 000
252 609
301 000
195 000
130 000
245 000
236 000
214 000
280 000
130 000
192 000
248 000
195 243
77 252
220 928
294 650
268 620
290 000
220 000
268 200
246 500
202 141
210 000
290 000
260 000
261 000
357 000
241 710
181 000
135 000
179 000
270 000
2 240 000
277 000
272 000
314 000
346 998
283 533
172 000
290 000
212 256
280 000
220 000
182 000
226 000
158 000
135 000
263 000
181 000
298 000
197 000
270 000
182 400
175 000
310 000
251 000
332 000
314 000
179 000
265 000
161 200
223 000
198 690
229 189
290 000
230 000
324 000
223 000
242 000
224 000
233 000
308 000
303 000
299 000
260 000
280 000
249 000
165 900
350 000
250 000
370 571
91 000
104 360
247 000
254 300
352 000
357 000
193 232
267 000
320 000
393 000
242 800
210 000
180 000
203 546
205 000
315 000
325 000
178 088
243 357
243 260
216 000
289 000
209 568
250 000
328 013
300 630
161 000
225 000
221 451
264 000
181 400
265 000
180 000
372 000
260 000
174 500
254 931
243 650
192 564
212 000
249 300
235 000
261 000
239 000
197 032
225 672
229 000
216 000
246 500
318 000
111 111
152 510
245 000
269 421
208 000
293 000
437 000
287 000
238 000
244 000
313 000
263 800
267 706
313 767
215 000
383 000
211 000
241 000
168 000
166 793
250 500
274 000
291 000
185 666
216 000
188 508
129 000
159 000
256 600
283 000
214 560
249 856
215 750
250 500
260 000
245 000
201 000
252 000
290 000
427 700
182 000
110 000
250 000
190 000
115 300
200 000
214 300
202 000
242 071
296 000
300 000
20 900
27 900
14 900
15 850
21 900
24 000
10 500
25 500
9 900
13 900
22 900
13 900
17 000
14 600
26 900
17 900
15 900
11 000
33 000
11 900
12 500
13 900
15 900
21 500
19 900
12 000
9 250
27 921
11 800
8 000
13 900
8 900
8 400
13 900
21 900
33 900
15 700
12 999
14 900
14 600
14 900
20 900
16 800
11 500
3 800
8 950
24 990
7 200
11 900
15 498
15 900
18 500
15 500
8 900
12 900
19 900
25 900
10 900
24 500
18 900
12 800
17 900
11 999
16 900
12 000
8 500
54 000
19 900
7 300
17 999
10 900
12 999
9 300
7 900
29 900
19 500
9 900
9 500
4 499
15 500
46 000
12 900
8 600
16 500
12 900
4 300
14 900
12 900
5 950
6 500
6 500
29 800
7 880
15 900
8 900
13 900
13 200
12 999
8 000
9 900
49 900
16 000
19 000
12 900
17 900
22 900
7 777
29 900
19 900
16 900
13 500
17 999
19 999
17 900
15 500
17 500
23 900
22 900
25 900
15 900
15 999
18 900
16 500
17 700
15 500
26 900
25 000
14 900
8 700
16 900
32 000
14 900
26 900
4 900
16 900
12 000
16 900
16 900
5 900
31 000
10 900
17 900
12 900
14 900
11 400
15 700
8 900
17 300
5 900
17 900
15 900
21 700
12 900
8 900
8 900
17 999
28 900
23 900
14 900
25 900
9 999
13 900
7 900
4 900
18 500
26 900
21 900
16 900
9 900
9 000
20 900
14 900
15 900
15 900
13 900
8 900
16 900
9 800
12 900
8 900
26 900
26 900
18 900
9 900
23 900
19 499
29 900
3 200
12 900
13 000
1 900
4 100
1 399
9 900
10 900
17 300
20 300
21 997
43 500
22 990
9 717
12 999
14 900
14 900
2 500
14 300
6 999
16 999
11 999
15 900
14 900
10 900
11 900
17 900
18 900
3 300
17 900
15 500
7 500
19 900
7 200
16 100
16 800
15 900
5 500
9 900
19 990
15 900
13 900
14 499
8 500
6 999
13 500
19 900
12 900
13 500
13 690
5 900
1 999
10 500
10 900
14 000
7 500
10 700
13 700
8 900
10 500
12 900
12 900
13 000
3 250
11 800
3 250
13 600
10 900
14 400
11 900
29 900
2 700
27 900
13 900
20 500
8 600
40 500
11 700
25 800
12 500
15 700
27 000
21 900
10 900
7 500
13 900
8 900
13 400
18 900
20 700
11 800
15 900
13 900
17 900
13 300
10 900
7 900
13 500
8 999
16 200
7 200
16 800
8 300
11 900
8 000
10 600
15 600
10 500
13 400
14 400
16 900
6 500
14 900
7 800
19 400
7 700
14 300
19 499
4 700
11 990
9 200
12 000
13 000
21 900
12 500
11 300
13 999
15 900
24 300
20 000
19 900
11 900
27 500
13 900
18 900
13 000
10 900
16 999
8 200
15 900
6 500
21 000
14 900
14 890
13 900
2 500
6 500
2007 
2011 
2007 
2006 
2008 
2009 
2005 
2008 
2003 
2007 
2010 
2008 
2002 
2007 
2008 
2001 
2004 
2007 
2010 
2005 
2006 
2004 
2007 
2007 
2010 
2007 
2005 
2007 
2006 
2006 
2004 
2006 
2004 
2003 
2010 
2005 
2004 
2007 
2006 
2008 
2008 
2008 
2005 
2003 
2007 
2007 
2008 
1998 
2005 
2008 
2004 
2009 
2008 
2003 
2006 
2008 
2007 
2006 
2009 
2008 
2008 
2008 
2008 
2007 
2007 
2005 
2008 
2007 
2002 
2007 
2005 
2008 
2007 
2007 
2008 
2007 
2004 
2003 
2003 
2007 
2008 
2008 
2005 
2003 
2006 
1999 
2009 
2006 
2010 
1999 
2001 
2011 
2003 
2007 
2004 
2003 
2005 
2005 
2003 
2007 
2011 
2003 
2007 
2007 
2008 
2009 
2006 
2008 
2008 
2005 
2008 
2008 
2000 
2004 
2007 
2009 
2007 
2008 
2004 
2007 
2008 
2009 
2008 
2008 
2005 
2008 
2005 
2002 
2005 
2004 
2008 
2007 
2008 
2007 
2008 
2002 
2008 
2003 
2005 
2010 
2004 
2009 
2009 
2007 
2007 
2008 
2006 
2009 
2000 
2007 
2006 
2007 
2009 
2002 
2005 
2008 
2007 
2007 
2003 
2008 
2008 
2008 
2002 
2003 
2003 
2005 
2007 
2008 
2004 
2004 
2010 
2008 
2008 
2003 
2004 
2004 
2008 
2004 
2006 
2001 
2010 
2008 
2005 
2006 
2008 
1999 
2008 
2001 
2000 
2004 
1999 
2000 
2000 
2003 
2004 
2008 
2008 
2007 
2009 
2008 
2007 
2006 
2003 
2005 
2006 
2005 
2004 
2001 
2005 
2006 
2007 
2005 
2006 
2009 
2006 
2000 
2005 
2004 
2004 
2004 
2005 
2008 
2008 
2003 
2000 
2005 
2009 
2008 
2006 
2002 
2006 
2004 
2006 
2008 
2007 
2005 
2007 
2006 
1998 
2006 
2007 
2008 
2006 
2006 
2008 
2005 
2005 
2004 
2007 
2003 
2001 
2004 
2006 
2008 
2006 
2007 
2006 
2011 
2001 
2008 
2003 
2007 
2004 
2010 
2007 
2008 
2007 
2008 
2009 
2008 
2006 
2003 
2006 
2003 
2003 
2005 
2008 
2006 
2009 
2007 
2008 
2008 
2007 
2004 
2006 
2005 
2008 
2007 
2005 
2006 
2006 
2006 
2006 
2008 
2004 
2006 
2008 
2008 
2003 
1998 
2000 
2008 
2002 
2007 
2003 
2003 
2005 
2001 
2007 
2009 
2005 
2007 
2007 
2005 
2007 
2011 
2004 
2008 
2006 
2008 
2008 
2008 
1998 
2006 
2008 
2006 
2006 
2002 
2007 
2008 
2007 
2006 
2001 
2000 
243 000
115 000
252 000
204 000
189 400
207 000
284 000
175 000
180 000
240 000
212 000
270 000
223 006
183 973
266 382
251 133
220 810
345 000
200 100
238 000
278 000
249 000
211 000
191 000
259 000
140 000
244 000
167 592
239 000
288 000
250 974
307 300
289 000
240 000
156 000
149 000
217 000
318 123
242 000
217 000
270 000
300 300
260 000
236 393
235 737
340 000
201 352
192 000
290 000
293 000
230 000
152 000
223 700
258 000
174 805
232 200
208 000
271 000
182 000
221 000
345 214
274 500
254 000
245 000
260 000
279 426
144 000
210 000
309 000
176 903
141 682
259 123
210 738
185 000
172 124
225 000
261 489
255 380
275 000
283 000
140 000
182 000
375 000
170 000
227 000
200 000
238 000
217 070
250 565
240 000
214 000
228 650
299 900
193 000
209 100
276 000
131 000
326 500
230 000
263 000
201 500
282 000
256 000
226 600
173 000
228 000
278 375
230 000
230 000
144 000
199 000
224 000
273 000
175 000
249 000
151 000
260 000
224 000
215 500
210 000
198 000
172 000
227 600
272 000
168 000
205 000
246 000
255 200
281 000
241 000
224 714
202 000
147 000
150 000
186 000
195 676
207 000
218 000
247 721
215 000
226 587
202 000
192 571
230 000
220 000
255 000
296 000
182 494
207 000
226 000
168 940
291 000
236 000
252 609
301 000
195 000
130 000
245 000
236 000
214 000
280 000
130 000
192 000
248 000
195 243
77 252
220 928
294 650
268 620
290 000
220 000
268 200
246 500
202 141
210 000
290 000
260 000
261 000
357 000
241 710
181 000
135 000
179 000
270 000
2 240 000
277 000
272 000
314 000
346 998
283 533
172 000
290 000
212 256
280 000
220 000
182 000
226 000
158 000
135 000
263 000
181 000
298 000
197 000
270 000
182 400
175 000
310 000
251 000
332 000
314 000
179 000
265 000
161 200
223 000
198 690
229 189
290 000
230 000
324 000
223 000
242 000
224 000
233 000
308 000
303 000
299 000
260 000
280 000
249 000
165 900
350 000
250 000
370 571
91 000
104 360
247 000
254 300
352 000
357 000
193 232
267 000
320 000
393 000
242 800
210 000
180 000
203 546
205 000
315 000
325 000
178 088
243 357
243 260
216 000
289 000
209 568
250 000
328 013
300 630
161 000
225 000
221 451
264 000
181 400
265 000
180 000
372 000
260 000
174 500
254 931
243 650
192 564
212 000
249 300
235 000
261 000
239 000
197 032
225 672
229 000
216 000
246 500
318 000
111 111
152 510
245 000
269 421
208 000
293 000
437 000
287 000
238 000
244 000
313 000
263 800
267 706
313 767
215 000
383 000
211 000
241 000
168 000
166 793
250 500
274 000
291 000
185 666
216 000
188 508
129 000
159 000
256 600
283 000
214 560
249 856
215 750
250 500
260 000
245 000
201 000
252 000
290 000
427 700
182 000
110 000
250 000
190 000
115 300
200 000
214 300
202 000
242 071
296 000
300 000
20 900
27 900
14 900
15 850
21 900
24 000
10 500
25 500
9 900
13 900
22 900
13 900
17 000
14 600
26 900
17 900
15 900
11 000
33 000
11 900
12 500
13 900
15 900
21 500
19 900
12 000
9 250
27 921
11 800
8 000
13 900
8 900
8 400
13 900
21 900
33 900
15 700
12 999
14 900
14 600
14 900
20 900
16 800
11 500
3 800
8 950
24 990
7 200
11 900
15 498
15 900
18 500
15 500
8 900
12 900
19 900
25 900
10 900
24 500
18 900
12 800
17 900
11 999
16 900
12 000
8 500
54 000
19 900
7 300
17 999
10 900
12 999
9 300
7 900
29 900
19 500
9 900
9 500
4 499
15 500
46 000
12 900
8 600
16 500
12 900
4 300
14 900
12 900
5 950
6 500
6 500
29 800
7 880
15 900
8 900
13 900
13 200
12 999
8 000
9 900
49 900
16 000
19 000
12 900
17 900
22 900
7 777
29 900
19 900
16 900
13 500
17 999
19 999
17 900
15 500
17 500
23 900
22 900
25 900
15 900
15 999
18 900
16 500
17 700
15 500
26 900
25 000
14 900
8 700
16 900
32 000
14 900
26 900
4 900
16 900
12 000
16 900
16 900
5 900
31 000
10 900
17 900
12 900
14 900
11 400
15 700
8 900
17 300
5 900
17 900
15 900
21 700
12 900
8 900
8 900
17 999
28 900
23 900
14 900
25 900
9 999
13 900
7 900
4 900
18 500
26 900
21 900
16 900
9 900
9 000
20 900
14 900
15 900
15 900
13 900
8 900
16 900
9 800
12 900
8 900
26 900
26 900
18 900
9 900
23 900
19 499
29 900
3 200
12 900
13 000
1 900
4 100
1 399
9 900
10 900
17 300
20 300
21 997
43 500
22 990
9 717
12 999
14 900
14 900
2 500
14 300
6 999
16 999
11 999
15 900
14 900
10 900
11 900
17 900
18 900
3 300
17 900
15 500
7 500
19 900
7 200
16 100
16 800
15 900
5 500
9 900
19 990
15 900
13 900
14 499
8 500
6 999
13 500
19 900
12 900
13 500
13 690
5 900
1 999
10 500
10 900
14 000
7 500
10 700
13 700
8 900
10 500
12 900
12 900
13 000
3 250
11 800
3 250
13 600
10 900
14 400
11 900
29 900
2 700
27 900
13 900
20 500
8 600
40 500
11 700
25 800
12 500
15 700
27 000
21 900
10 900
7 500
13 900
8 900
13 400
18 900
20 700
11 800
15 900
13 900
17 900
13 300
10 900
7 900
13 500
8 999
16 200
7 200
16 800
8 300
11 900
8 000
10 600
15 600
10 500
13 400
14 400
16 900
6 500
14 900
7 800
19 400
7 700
14 300
19 499
4 700
11 990
9 200
12 000
13 000
21 900
12 500
11 300
13 999
15 900
24 300
20 000
19 900
11 900
27 500
13 900
18 900
13 000
10 900
16 999
8 200
15 900
6 500
21 000
14 900
14 890
13 900
2 500
6 500
2007 
2011 
2007 
2006 
2008 
2009 
2005 
2008 
2003 
2007 
2010 
2008 
2002 
2007 
2008 
2001 
2004 
2007 
2010 
2005 
2006 
2004 
2007 
2007 
2010 
2007 
2005 
2007 
2006 
2006 
2004 
2006 
2004 
2003 
2010 
2005 
2004 
2007 
2006 
2008 
2008 
2008 
2005 
2003 
2007 
2007 
2008 
1998 
2005 
2008 
2004 
2009 
2008 
2003 
2006 
2008 
2007 
2006 
2009 
2008 
2008 
2008 
2008 
2007 
2007 
2005 
2008 
2007 
2002 
2007 
2005 
2008 
2007 
2007 
2008 
2007 
2004 
2003 
2003 
2007 
2008 
2008 
2005 
2003 
2006 
1999 
2009 
2006 
2010 
1999 
2001 
2011 
2003 
2007 
2004 
2003 
2005 
2005 
2003 
2007 
2011 
2003 
2007 
2007 
2008 
2009 
2006 
2008 
2008 
2005 
2008 
2008 
2000 
2004 
2007 
2009 
2007 
2008 
2004 
2007 
2008 
2009 
2008 
2008 
2005 
2008 
2005 
2002 
2005 
2004 
2008 
2007 
2008 
2007 
2008 
2002 
2008 
2003 
2005 
2010 
2004 
2009 
2009 
2007 
2007 
2008 
2006 
2009 
2000 
2007 
2006 
2007 
2009 
2002 
2005 
2008 
2007 
2007 
2003 
2008 
2008 
2008 
2002 
2003 
2003 
2005 
2007 
2008 
2004 
2004 
2010 
2008 
2008 
2003 
2004 
2004 
2008 
2004 
2006 
2001 
2010 
2008 
2005 
2006 
2008 
1999 
2008 
2001 
2000 
2004 
1999 
2000 
2000 
2003 
2004 
2008 
2008 
2007 
2009 
2008 
2007 
2006 
2003 
2005 
2006 
2005 
2004 
2001 
2005 
2006 
2007 
2005 
2006 
2009 
2006 
2000 
2005 
2004 
2004 
2004 
2005 
2008 
2008 
2003 
2000 
2005 
2009 
2008 
2006 
2002 
2006 
2004 
2006 
2008 
2007 
2005 
2007 
2006 
1998 
2006 
2007 
2008 
2006 
2006 
2008 
2005 
2005 
2004 
2007 
2003 
2001 
2004 
2006 
2008 
2006 
2007 
2006 
2011 
2001 
2008 
2003 
2007 
2004 
2010 
2007 
2008 
2007 
2008 
2009 
2008 
2006 
2003 
2006 
2003 
2003 
2005 
2008 
2006 
2009 
2007 
2008 
2008 
2007 
2004 
2006 
2005 
2008 
2007 
2005 
2006 
2006 
2006 
2006 
2008 
2004 
2006 
2008 
2008 
2003 
1998 
2000 
2008 
2002 
2007 
2003 
2003 
2005 
2001 
2007 
2009 
2005 
2007 
2007 
2005 
2007 
2011 
2004 
2008 
2006 
2008 
2008 
2008 
1998 
2006 
2008 
2006 
2006 
2002 
2007 
2008 
2007 
2006 
2001 
2000 
243 000
115 000
252 000
204 000
189 400
207 000
284 000
175 000
180 000
240 000
212 000
270 000
223 006
183 973
266 382
251 133
220 810
345 000
200 100
238 000
278 000
249 000
211 000
191 000
259 000
140 000
244 000
167 592
239 000
288 000
250 974
307 300
289 000
240 000
156 000
149 000
217 000
318 123
242 000
217 000
270 000
300 300
260 000
236 393
235 737
340 000
201 352
192 000
290 000
293 000
230 000
152 000
223 700
258 000
174 805
232 200
208 000
271 000
182 000
221 000
345 214
274 500
254 000
245 000
260 000
279 426
144 000
210 000
309 000
176 903
141 682
259 123
210 738
185 000
172 124
225 000
261 489
255 380
275 000
283 000
140 000
182 000
375 000
170 000
227 000
200 000
238 000
217 070
250 565
240 000
214 000
228 650
299 900
193 000
209 100
276 000
131 000
326 500
230 000
263 000
201 500
282 000
256 000
226 600
173 000
228 000
278 375
230 000
230 000
144 000
199 000
224 000
273 000
175 000
249 000
151 000
260 000
224 000
215 500
210 000
198 000
172 000
227 600
272 000
168 000
205 000
246 000
255 200
281 000
241 000
224 714
202 000
147 000
150 000
186 000
195 676
207 000
218 000
247 721
215 000
226 587
202 000
192 571
230 000
220 000
255 000
296 000
182 494
207 000
226 000
168 940
291 000
236 000
252 609
301 000
195 000
130 000
245 000
236 000
214 000
280 000
130 000
192 000
248 000
195 243
77 252
220 928
294 650
268 620
290 000
220 000
268 200
246 500
202 141
210 000
290 000
260 000
261 000
357 000
241 710
181 000
135 000
179 000
270 000
2 240 000
277 000
272 000
314 000
346 998
283 533
172 000
290 000
212 256
280 000
220 000
182 000
226 000
158 000
135 000
263 000
181 000
298 000
197 000
270 000
182 400
175 000
310 000
251 000
332 000
314 000
179 000
265 000
161 200
223 000
198 690
229 189
290 000
230 000
324 000
223 000
242 000
224 000
233 000
308 000
303 000
299 000
260 000
280 000
249 000
165 900
350 000
250 000
370 571
91 000
104 360
247 000
254 300
352 000
357 000
193 232
267 000
320 000
393 000
242 800
210 000
180 000
203 546
205 000
315 000
325 000
178 088
243 357
243 260
216 000
289 000
209 568
250 000
328 013
300 630
161 000
225 000
221 451
264 000
181 400
265 000
180 000
372 000
260 000
174 500
254 931
243 650
192 564
212 000
249 300
235 000
261 000
239 000
197 032
225 672
229 000
216 000
246 500
318 000
111 111
152 510
245 000
269 421
208 000
293 000
437 000
287 000
238 000
244 000
313 000
263 800
267 706
313 767
215 000
383 000
211 000
241 000
168 000
166 793
250 500
274 000
291 000
185 666
216 000
188 508
129 000
159 000
256 600
283 000
214 560
249 856
215 750
250 500
260 000
245 000
201 000
252 000
290 000
427 700
182 000
110 000
250 000
190 000
115 300
200 000
214 300
202 000
242 071
296 000
300 000
20 900
27 900
14 900
15 850
21 900
24 000
10 500
25 500
9 900
13 900
22 900
13 900
17 000
14 600
26 900
17 900
15 900
11 000
33 000
11 900
12 500
13 900
15 900
21 500
19 900
12 000
9 250
27 921
11 800
8 000
13 900
8 900
8 400
13 900
21 900
33 900
15 700
12 999
14 900
14 600
14 900
20 900
16 800
11 500
3 800
8 950
24 990
7 200
11 900
15 498
15 900
18 500
15 500
8 900
12 900
19 900
25 900
10 900
24 500
18 900
12 800
17 900
11 999
16 900
12 000
8 500
54 000
19 900
7 300
17 999
10 900
12 999
9 300
7 900
29 900
19 500
9 900
9 500
4 499
15 500
46 000
12 900
8 600
16 500
12 900
4 300
14 900
12 900
5 950
6 500
6 500
29 800
7 880
15 900
8 900
13 900
13 200
12 999
8 000
9 900
49 900
16 000
19 000
12 900
17 900
22 900
7 777
29 900
19 900
16 900
13 500
17 999
19 999
17 900
15 500
17 500
23 900
22 900
25 900
15 900
15 999
18 900
16 500
17 700
15 500
26 900
25 000
14 900
8 700
16 900
32 000
14 900
26 900
4 900
16 900
12 000
16 900
16 900
5 900
31 000
10 900
17 900
12 900
14 900
11 400
15 700
8 900
17 300
5 900
17 900
15 900
21 700
12 900
8 900
8 900
17 999
28 900
23 900
14 900
25 900
9 999
13 900
7 900
4 900
18 500
26 900
21 900
16 900
9 900
9 000
20 900
14 900
15 900
15 900
13 900
8 900
16 900
9 800
12 900
8 900
26 900
26 900
18 900
9 900
23 900
19 499
29 900
3 200
12 900
13 000
1 900
4 100
1 399
9 900
10 900
17 300
20 300
21 997
43 500
22 990
9 717
12 999
14 900
14 900
2 500
14 300
6 999
16 999
11 999
15 900
14 900
10 900
11 900
17 900
18 900
3 300
17 900
15 500
7 500
19 900
7 200
16 100
16 800
15 900
5 500
9 900
19 990
15 900
13 900
14 499
8 500
6 999
13 500
19 900
12 900
13 500
13 690
5 900
1 999
10 500
10 900
14 000
7 500
10 700
13 700
8 900
10 500
12 900
12 900
13 000
3 250
11 800
3 250
13 600
10 900
14 400
11 900
29 900
2 700
27 900
13 900
20 500
8 600
40 500
11 700
25 800
12 500
15 700
27 000
21 900
10 900
7 500
13 900
8 900
13 400
18 900
20 700
11 800
15 900
13 900
17 900
13 300
10 900
7 900
13 500
8 999
16 200
7 200
16 800
8 300
11 900
8 000
10 600
15 600
10 500
13 400
14 400
16 900
6 500
14 900
7 800
19 400
7 700
14 300
19 499
4 700
11 990
9 200
12 000
13 000
21 900
12 500
11 300
13 999
15 900
24 300
20 000
19 900
11 900
27 500
13 900
18 900
13 000
10 900
16 999
8 200
15 900
6 500
21 000
14 900
14 890
13 900
2 500
6 500
2007 
2011 
2007 
2006 
2008 
2009 
2005 
2008 
2003 
2007 
2010 
2008 
2002 
2007 
2008 
2001 
2004 
2007 
2010 
2005 
2006 
2004 
2007 
2007 
2010 
2007 
2005 
2007 
2006 
2006 
2004 
2006 
2004 
2003 
2010 
2005 
2004 
2007 
2006 
2008 
2008 
2008 
2005 
2003 
2007 
2007 
2008 
1998 
2005 
2008 
2004 
2009 
2008 
2003 
2006 
2008 
2007 
2006 
2009 
2008 
2008 
2008 
2008 
2007 
2007 
2005 
2008 
2007 
2002 
2007 
2005 
2008 
2007 
2007 
2008 
2007 
2004 
2003 
2003 
2007 
2008 
2008 
2005 
2003 
2006 
1999 
2009 
2006 
2010 
1999 
2001 
2011 
2003 
2007 
2004 
2003 
2005 
2005 
2003 
2007 
2011 
2003 
2007 
2007 
2008 
2009 
2006 
2008 
2008 
2005 
2008 
2008 
2000 
2004 
2007 
2009 
2007 
2008 
2004 
2007 
2008 
2009 
2008 
2008 
2005 
2008 
2005 
2002 
2005 
2004 
2008 
2007 
2008 
2007 
2008 
2002 
2008 
2003 
2005 
2010 
2004 
2009 
2009 
2007 
2007 
2008 
2006 
2009 
2000 
2007 
2006 
2007 
2009 
2002 
2005 
2008 
2007 
2007 
2003 
2008 
2008 
2008 
2002 
2003 
2003 
2005 
2007 
2008 
2004 
2004 
2010 
2008 
2008 
2003 
2004 
2004 
2008 
2004 
2006 
2001 
2010 
2008 
2005 
2006 
2008 
1999 
2008 
2001 
2000 
2004 
1999 
2000 
2000 
2003 
2004 
2008 
2008 
2007 
2009 
2008 
2007 
2006 
2003 
2005 
2006 
2005 
2004 
2001 
2005 
2006 
2007 
2005 
2006 
2009 
2006 
2000 
2005 
2004 
2004 
2004 
2005 
2008 
2008 
2003 
2000 
2005 
2009 
2008 
2006 
2002 
2006 
2004 
2006 
2008 
2007 
2005 
2007 
2006 
1998 
2006 
2007 
2008 
2006 
2006 
2008 
2005 
2005 
2004 
2007 
2003 
2001 
2004 
2006 
2008 
2006 
2007 
2006 
2011 
2001 
2008 
2003 
2007 
2004 
2010 
2007 
2008 
2007 
2008 
2009 
2008 
2006 
2003 
2006 
2003 
2003 
2005 
2008 
2006 
2009 
2007 
2008 
2008 
2007 
2004 
2006 
2005 
2008 
2007 
2005 
2006 
2006 
2006 
2006 
2008 
2004 
2006 
2008 
2008 
2003 
1998 
2000 
2008 
2002 
2007 
2003 
2003 
2005 
2001 
2007 
2009 
2005 
2007 
2007 
2005 
2007 
2011 
2004 
2008 
2006 
2008 
2008 
2008 
1998 
2006 
2008 
2006 
2006 
2002 
2007 
2008 
2007 
2006 
2001 
2000 
243 000
115 000
252 000
204 000
189 400
207 000
284 000
175 000
180 000
240 000
212 000
270 000
223 006
183 973
266 382
251 133
220 810
345 000
200 100
238 000
278 000
249 000
211 000
191 000
259 000
140 000
244 000
167 592
239 000
288 000
250 974
307 300
289 000
240 000
156 000
149 000
217 000
318 123
242 000
217 000
270 000
300 300
260 000
236 393
235 737
340 000
201 352
192 000
290 000
293 000
230 000
152 000
223 700
258 000
174 805
232 200
208 000
271 000
182 000
221 000
345 214
274 500
254 000
245 000
260 000
279 426
144 000
210 000
309 000
176 903
141 682
259 123
210 738
185 000
172 124
225 000
261 489
255 380
275 000
283 000
140 000
182 000
375 000
170 000
227 000
200 000
238 000
217 070
250 565
240 000
214 000
228 650
299 900
193 000
209 100
276 000
131 000
326 500
230 000
263 000
201 500
282 000
256 000
226 600
173 000
228 000
278 375
230 000
230 000
144 000
199 000
224 000
273 000
175 000
249 000
151 000
260 000
224 000
215 500
210 000
198 000
172 000
227 600
272 000
168 000
205 000
246 000
255 200
281 000
241 000
224 714
202 000
147 000
150 000
186 000
195 676
207 000
218 000
247 721
215 000
226 587
202 000
192 571
230 000
220 000
255 000
296 000
182 494
207 000
226 000
168 940
291 000
236 000
252 609
301 000
195 000
130 000
245 000
236 000
214 000
280 000
130 000
192 000
248 000
195 243
77 252
220 928
294 650
268 620
290 000
220 000
268 200
246 500
202 141
210 000
290 000
260 000
261 000
357 000
241 710
181 000
135 000
179 000
270 000
2 240 000
277 000
272 000
314 000
346 998
283 533
172 000
290 000
212 256
280 000
220 000
182 000
226 000
158 000
135 000
263 000
181 000
298 000
197 000
270 000
182 400
175 000
310 000
251 000
332 000
314 000
179 000
265 000
161 200
223 000
198 690
229 189
290 000
230 000
324 000
223 000
242 000
224 000
233 000
308 000
303 000
299 000
260 000
280 000
249 000
165 900
350 000
250 000
370 571
91 000
104 360
247 000
254 300
352 000
357 000
193 232
267 000
320 000
393 000
242 800
210 000
180 000
203 546
205 000
315 000
325 000
178 088
243 357
243 260
216 000
289 000
209 568
250 000
328 013
300 630
161 000
225 000
221 451
264 000
181 400
265 000
180 000
372 000
260 000
174 500
254 931
243 650
192 564
212 000
249 300
235 000
261 000
239 000
197 032
225 672
229 000
216 000
246 500
318 000
111 111
152 510
245 000
269 421
208 000
293 000
437 000
287 000
238 000
244 000
313 000
263 800
267 706
313 767
215 000
383 000
211 000
241 000
168 000
166 793
250 500
274 000
291 000
185 666
216 000
188 508
129 000
159 000
256 600
283 000
214 560
249 856
215 750
250 500
260 000
245 000
201 000
252 000
290 000
427 700
182 000
110 000
250 000
190 000
115 300
200 000
214 300
202 000
242 071
296 000
300 000
20 900
27 900
14 900
15 850
21 900
24 000
10 500
25 500
9 900
13 900
22 900
13 900
17 000
14 600
26 900
17 900
15 900
11 000
33 000
11 900
12 500
13 900
15 900
21 500
19 900
12 000
9 250
27 921
11 800
8 000
13 900
8 900
8 400
13 900
21 900
33 900
15 700
12 999
14 900
14 600
14 900
20 900
16 800
11 500
3 800
8 950
24 990
7 200
11 900
15 498
15 900
18 500
15 500
8 900
12 900
19 900
25 900
10 900
24 500
18 900
12 800
17 900
11 999
16 900
12 000
8 500
54 000
19 900
7 300
17 999
10 900
12 999
9 300
7 900
29 900
19 500
9 900
9 500
4 499
15 500
46 000
12 900
8 600
16 500
12 900
4 300
14 900
12 900
5 950
6 500
6 500
29 800
7 880
15 900
8 900
13 900
13 200
12 999
8 000
9 900
49 900
16 000
19 000
12 900
17 900
22 900
7 777
29 900
19 900
16 900
13 500
17 999
19 999
17 900
15 500
17 500
23 900
22 900
25 900
15 900
15 999
18 900
16 500
17 700
15 500
26 900
25 000
14 900
8 700
16 900
32 000
14 900
26 900
4 900
16 900
12 000
16 900
16 900
5 900
31 000
10 900
17 900
12 900
14 900
11 400
15 700
8 900
17 300
5 900
17 900
15 900
21 700
12 900
8 900
8 900
17 999
28 900
23 900
14 900
25 900
9 999
13 900
7 900
4 900
18 500
26 900
21 900
16 900
9 900
9 000
20 900
14 900
15 900
15 900
13 900
8 900
16 900
9 800
12 900
8 900
26 900
26 900
18 900
9 900
23 900
19 499
29 900
3 200
12 900
13 000
1 900
4 100
1 399
9 900
10 900
17 300
20 300
21 997
43 500
22 990
9 717
12 999
14 900
14 900
2 500
14 300
6 999
16 999
11 999
15 900
14 900
10 900
11 900
17 900
18 900
3 300
17 900
15 500
7 500
19 900
7 200
16 100
16 800
15 900
5 500
9 900
19 990
15 900
13 900
14 499
8 500
6 999
13 500
19 900
12 900
13 500
13 690
5 900
1 999
10 500
10 900
14 000
7 500
10 700
13 700
8 900
10 500
12 900
12 900
13 000
3 250
11 800
3 250
13 600
10 900
14 400
11 900
29 900
2 700
27 900
13 900
20 500
8 600
40 500
11 700
25 800
12 500
15 700
27 000
21 900
10 900
7 500
13 900
8 900
13 400
18 900
20 700
11 800
15 900
13 900
17 900
13 300
10 900
7 900
13 500
8 999
16 200
7 200
16 800
8 300
11 900
8 000
10 600
15 600
10 500
13 400
14 400
16 900
6 500
14 900
7 800
19 400
7 700
14 300
19 499
4 700
11 990
9 200
12 000
13 000
21 900
12 500
11 300
13 999
15 900
24 300
20 000
19 900
11 900
27 500
13 900
18 900
13 000
10 900
16 999
8 200
15 900
6 500
21 000
14 900
14 890
13 900
2 500
6 500
2007 
2011 
2007 
2006 
2008 
2009 
2005 
2008 
2003 
2007 
2010 
2008 
2002 
2007 
2008 
2001 
2004 
2007 
2010 
2005 
2006 
2004 
2007 
2007 
2010 
2007 
2005 
2007 
2006 
2006 
2004 
2006 
2004 
2003 
2010 
2005 
2004 
2007 
2006 
2008 
2008 
2008 
2005 
2003 
2007 
2007 
2008 
1998 
2005 
2008 
2004 
2009 
2008 
2003 
2006 
2008 
2007 
2006 
2009 
2008 
2008 
2008 
2008 
2007 
2007 
2005 
2008 
2007 
2002 
2007 
2005 
2008 
2007 
2007 
2008 
2007 
2004 
2003 
2003 
2007 
2008 
2008 
2005 
2003 
2006 
1999 
2009 
2006 
2010 
1999 
2001 
2011 
2003 
2007 
2004 
2003 
2005 
2005 
2003 
2007 
2011 
2003 
2007 
2007 
2008 
2009 
2006 
2008 
2008 
2005 
2008 
2008 
2000 
2004 
2007 
2009 
2007 
2008 
2004 
2007 
2008 
2009 
2008 
2008 
2005 
2008 
2005 
2002 
2005 
2004 
2008 
2007 
2008 
2007 
2008 
2002 
2008 
2003 
2005 
2010 
2004 
2009 
2009 
2007 
2007 
2008 
2006 
2009 
2000 
2007 
2006 
2007 
2009 
2002 
2005 
2008 
2007 
2007 
2003 
2008 
2008 
2008 
2002 
2003 
2003 
2005 
2007 
2008 
2004 
2004 
2010 
2008 
2008 
2003 
2004 
2004 
2008 
2004 
2006 
2001 
2010 
2008 
2005 
2006 
2008 
1999 
2008 
2001 
2000 
2004 
1999 
2000 
2000 
2003 
2004 
2008 
2008 
2007 
2009 
2008 
2007 
2006 
2003 
2005 
2006 
2005 
2004 
2001 
2005 
2006 
2007 
2005 
2006 
2009 
2006 
2000 
2005 
2004 
2004 
2004 
2005 
2008 
2008 
2003 
2000 
2005 
2009 
2008 
2006 
2002 
2006 
2004 
2006 
2008 
2007 
2005 
2007 
2006 
1998 
2006 
2007 
2008 
2006 
2006 
2008 
2005 
2005 
2004 
2007 
2003 
2001 
2004 
2006 
2008 
2006 
2007 
2006 
2011 
2001 
2008 
2003 
2007 
2004 
2010 
2007 
2008 
2007 
2008 
2009 
2008 
2006 
2003 
2006 
2003 
2003 
2005 
2008 
2006 
2009 
2007 
2008 
2008 
2007 
2004 
2006 
2005 
2008 
2007 
2005 
2006 
2006 
2006 
2006 
2008 
2004 
2006 
2008 
2008 
2003 
1998 
2000 
2008 
2002 
2007 
2003 
2003 
2005 
2001 
2007 
2009 
2005 
2007 
2007 
2005 
2007 
2011 
2004 
2008 
2006 
2008 
2008 
2008 
1998 
2006 
2008 
2006 
2006 
2002 
2007 
2008 
2007 
2006 
2001 
2000 
243 000
115 000
252 000
204 000
189 400
207 000
284 000
175 000
180 000
240 000
212 000
270 000
223 006
183 973
266 382
251 133
220 810
345 000
200 100
238 000
278 000
249 000
211 000
191 000
259 000
140 000
244 000
167 592
239 000
288 000
250 974
307 300
289 000
240 000
156 000
149 000
217 000
318 123
242 000
217 000
270 000
300 300
260 000
236 393
235 737
340 000
201 352
192 000
290 000
293 000
230 000
152 000
223 700
258 000
174 805
232 200
208 000
271 000
182 000
221 000
345 214
274 500
254 000
245 000
260 000
279 426
144 000
210 000
309 000
176 903
141 682
259 123
210 738
185 000
172 124
225 000
261 489
255 380
275 000
283 000
140 000
182 000
375 000
170 000
227 000
200 000
238 000
217 070
250 565
240 000
214 000
228 650
299 900
193 000
209 100
276 000
131 000
326 500
230 000
263 000
201 500
282 000
256 000
226 600
173 000
228 000
278 375
230 000
230 000
144 000
199 000
224 000
273 000
175 000
249 000
151 000
260 000
224 000
215 500
210 000
198 000
172 000
227 600
272 000
168 000
205 000
246 000
255 200
281 000
241 000
224 714
202 000
147 000
150 000
186 000
195 676
207 000
218 000
247 721
215 000
226 587
202 000
192 571
230 000
220 000
255 000
296 000
182 494
207 000
226 000
168 940
291 000
236 000
252 609
301 000
195 000
130 000
245 000
236 000
214 000
280 000
130 000
192 000
248 000
195 243
77 252
220 928
294 650
268 620
290 000
220 000
268 200
246 500
202 141
210 000
290 000
260 000
261 000
357 000
241 710
181 000
135 000
179 000
270 000
2 240 000
277 000
272 000
314 000
346 998
283 533
172 000
290 000
212 256
280 000
220 000
182 000
226 000
158 000
135 000
263 000
181 000
298 000
197 000
270 000
182 400
175 000
310 000
251 000
332 000
314 000
179 000
265 000
161 200
223 000
198 690
229 189
290 000
230 000
324 000
223 000
242 000
224 000
233 000
308 000
303 000
299 000
260 000
280 000
249 000
165 900
350 000
250 000
370 571
91 000
104 360
247 000
254 300
352 000
357 000
193 232
267 000
320 000
393 000
242 800
210 000
180 000
203 546
205 000
315 000
325 000
178 088
243 357
243 260
216 000
289 000
209 568
250 000
328 013
300 630
161 000
225 000
221 451
264 000
181 400
265 000
180 000
372 000
260 000
174 500
254 931
243 650
192 564
212 000
249 300
235 000
261 000
239 000
197 032
225 672
229 000
216 000
246 500
318 000
111 111
152 510
245 000
269 421
208 000
293 000
437 000
287 000
238 000
244 000
313 000
263 800
267 706
313 767
215 000
383 000
211 000
241 000
168 000
166 793
250 500
274 000
291 000
185 666
216 000
188 508
129 000
159 000
256 600
283 000
214 560
249 856
215 750
250 500
260 000
245 000
201 000
252 000
290 000
427 700
182 000
110 000
250 000
190 000
115 300
200 000
214 300
202 000
242 071
296 000
300 000
20 900
27 900
14 900
15 850
21 900
24 000
10 500
25 500
9 900
13 900
22 900
13 900
17 000
14 600
26 900
17 900
15 900
11 000
33 000
11 900
12 500
13 900
15 900
21 500
19 900
12 000
9 250
27 921
11 800
8 000
13 900
8 900
8 400
13 900
21 900
33 900
15 700
12 999
14 900
14 600
14 900
20 900
16 800
11 500
3 800
8 950
24 990
7 200
11 900
15 498
15 900
18 500
15 500
8 900
12 900
19 900
25 900
10 900
24 500
18 900
12 800
17 900
11 999
16 900
12 000
8 500
54 000
19 900
7 300
17 999
10 900
12 999
9 300
7 900
29 900
19 500
9 900
9 500
4 499
15 500
46 000
12 900
8 600
16 500
12 900
4 300
14 900
12 900
5 950
6 500
6 500
29 800
7 880
15 900
8 900
13 900
13 200
12 999
8 000
9 900
49 900
16 000
19 000
12 900
17 900
22 900
7 777
29 900
19 900
16 900
13 500
17 999
19 999
17 900
15 500
17 500
23 900
22 900
25 900
15 900
15 999
18 900
16 500
17 700
15 500
26 900
25 000
14 900
8 700
16 900
32 000
14 900
26 900
4 900
16 900
12 000
16 900
16 900
5 900
31 000
10 900
17 900
12 900
14 900
11 400
15 700
8 900
17 300
5 900
17 900
15 900
21 700
12 900
8 900
8 900
17 999
28 900
23 900
14 900
25 900
9 999
13 900
7 900
4 900
18 500
26 900
21 900
16 900
9 900
9 000
20 900
14 900
15 900
15 900
13 900
8 900
16 900
9 800
12 900
8 900
26 900
26 900
18 900
9 900
23 900
19 499
29 900
3 200
12 900
13 000
1 900
4 100
1 399
9 900
10 900
17 300
20 300
21 997
43 500
22 990
9 717
12 999
14 900
14 900
2 500
14 300
6 999
16 999
11 999
15 900
14 900
10 900
11 900
17 900
18 900
3 300
17 900
15 500
7 500
19 900
7 200
16 100
16 800
15 900
5 500
9 900
19 990
15 900
13 900
14 499
8 500
6 999
13 500
19 900
12 900
13 500
13 690
5 900
1 999
10 500
10 900
14 000
7 500
10 700
13 700
8 900
10 500
12 900
12 900
13 000
3 250
11 800
3 250
13 600
10 900
14 400
11 900
29 900
2 700
27 900
13 900
20 500
8 600
40 500
11 700
25 800
12 500
15 700
27 000
21 900
10 900
7 500
13 900
8 900
13 400
18 900
20 700
11 800
15 900
13 900
17 900
13 300
10 900
7 900
13 500
8 999
16 200
7 200
16 800
8 300
11 900
8 000
10 600
15 600
10 500
13 400
14 400
16 900
6 500
14 900
7 800
19 400
7 700
14 300
19 499
4 700
11 990
9 200
12 000
13 000
21 900
12 500
11 300
13 999
15 900
24 300
20 000
19 900
11 900
27 500
13 900
18 900
13 000
10 900
16 999
8 200
15 900
6 500
21 000
14 900
14 890
13 900
2 500
6 500
2007 
2011 
2007 
2006 
2008 
2009 
2005 
2008 
2003 
2007 
2010 
2008 
2002 
2007 
2008 
2001 
2004 
2007 
2010 
2005 
2006 
2004 
2007 
2007 
2010 
2007 
2005 
2007 
2006 
2006 
2004 
2006 
2004 
2003 
2010 
2005 
2004 
2007 
2006 
2008 
2008 
2008 
2005 
2003 
2007 
2007 
2008 
1998 
2005 
2008 
2004 
2009 
2008 
2003 
2006 
2008 
2007 
2006 
2009 
2008 
2008 
2008 
2008 
2007 
2007 
2005 
2008 
2007 
2002 
2007 
2005 
2008 
2007 
2007 
2008 
2007 
2004 
2003 
2003 
2007 
2008 
2008 
2005 
2003 
2006 
1999 
2009 
2006 
2010 
1999 
2001 
2011 
2003 
2007 
2004 
2003 
2005 
2005 
2003 
2007 
2011 
2003 
2007 
2007 
2008 
2009 
2006 
2008 
2008 
2005 
2008 
2008 
2000 
2004 
2007 
2009 
2007 
2008 
2004 
2007 
2008 
2009 
2008 
2008 
2005 
2008 
2005 
2002 
2005 
2004 
2008 
2007 
2008 
2007 
2008 
2002 
2008 
2003 
2005 
2010 
2004 
2009 
2009 
2007 
2007 
2008 
2006 
2009 
2000 
2007 
2006 
2007 
2009 
2002 
2005 
2008 
2007 
2007 
2003 
2008 
2008 
2008 
2002 
2003 
2003 
2005 
2007 
2008 
2004 
2004 
2010 
2008 
2008 
2003 
2004 
2004 
2008 
2004 
2006 
2001 
2010 
2008 
2005 
2006 
2008 
1999 
2008 
2001 
2000 
2004 
1999 
2000 
2000 
2003 
2004 
2008 
2008 
2007 
2009 
2008 
2007 
2006 
2003 
2005 
2006 
2005 
2004 
2001 
2005 
2006 
2007 
2005 
2006 
2009 
2006 
2000 
2005 
2004 
2004 
2004 
2005 
2008 
2008 
2003 
2000 
2005 
2009 
2008 
2006 
2002 
2006 
2004 
2006 
2008 
2007 
2005 
2007 
2006 
1998 
2006 
2007 
2008 
2006 
2006 
2008 
2005 
2005 
2004 
2007 
2003 
2001 
2004 
2006 
2008 
2006 
2007 
2006 
2011 
2001 
2008 
2003 
2007 
2004 
2010 
2007 
2008 
2007 
2008 
2009 
2008 
2006 
2003 
2006 
2003 
2003 
2005 
2008 
2006 
2009 
2007 
2008 
2008 
2007 
2004 
2006 
2005 
2008 
2007 
2005 
2006 
2006 
2006 
2006 
2008 
2004 
2006 
2008 
2008 
2003 
1998 
2000 
2008 
2002 
2007 
2003 
2003 
2005 
2001 
2007 
2009 
2005 
2007 
2007 
2005 
2007 
2011 
2004 
2008 
2006 
2008 
2008 
2008 
1998 
2006 
2008 
2006 
2006 
2002 
2007 
2008 
2007 
2006 
2001 
2000 
243 000
115 000
252 000
204 000
189 400
207 000
284 000
175 000
180 000
240 000
212 000
270 000
223 006
183 973
266 382
251 133
220 810
345 000
200 100
238 000
278 000
249 000
211 000
191 000
259 000
140 000
244 000
167 592
239 000
288 000
250 974
307 300
289 000
240 000
156 000
149 000
217 000
318 123
242 000
217 000
270 000
300 300
260 000
236 393
235 737
340 000
201 352
192 000
290 000
293 000
230 000
152 000
223 700
258 000
174 805
232 200
208 000
271 000
182 000
221 000
345 214
274 500
254 000
245 000
260 000
279 426
144 000
210 000
309 000
176 903
141 682
259 123
210 738
185 000
172 124
225 000
261 489
255 380
275 000
283 000
140 000
182 000
375 000
170 000
227 000
200 000
238 000
217 070
250 565
240 000
214 000
228 650
299 900
193 000
209 100
276 000
131 000
326 500
230 000
263 000
201 500
282 000
256 000
226 600
173 000
228 000
278 375
230 000
230 000
144 000
199 000
224 000
273 000
175 000
249 000
151 000
260 000
224 000
215 500
210 000
198 000
172 000
227 600
272 000
168 000
205 000
246 000
255 200
281 000
241 000
224 714
202 000
147 000
150 000
186 000
195 676
207 000
218 000
247 721
215 000
226 587
202 000
192 571
230 000
220 000
255 000
296 000
182 494
207 000
226 000
168 940
291 000
236 000
252 609
301 000
195 000
130 000
245 000
236 000
214 000
280 000
130 000
192 000
248 000
195 243
77 252
220 928
294 650
268 620
290 000
220 000
268 200
246 500
202 141
210 000
290 000
260 000
261 000
357 000
241 710
181 000
135 000
179 000
270 000
2 240 000
277 000
272 000
314 000
346 998
283 533
172 000
290 000
212 256
280 000
220 000
182 000
226 000
158 000
135 000
263 000
181 000
298 000
197 000
270 000
182 400
175 000
310 000
251 000
332 000
314 000
179 000
265 000
161 200
223 000
198 690
229 189
290 000
230 000
324 000
223 000
242 000
224 000
233 000
308 000
303 000
299 000
260 000
280 000
249 000
165 900
350 000
250 000
370 571
91 000
104 360
247 000
254 300
352 000
357 000
193 232
267 000
320 000
393 000
242 800
210 000
180 000
203 546
205 000
315 000
325 000
178 088
243 357
243 260
216 000
289 000
209 568
250 000
328 013
300 630
161 000
225 000
221 451
264 000
181 400
265 000
180 000
372 000
260 000
174 500
254 931
243 650
192 564
212 000
249 300
235 000
261 000
239 000
197 032
225 672
229 000
216 000
246 500
318 000
111 111
152 510
245 000
269 421
208 000
293 000
437 000
287 000
238 000
244 000
313 000
263 800
267 706
313 767
215 000
383 000
211 000
241 000
168 000
166 793
250 500
274 000
291 000
185 666
216 000
188 508
129 000
159 000
256 600
283 000
214 560
249 856
215 750
250 500
260 000
245 000
201 000
252 000
290 000
427 700
182 000
110 000
250 000
190 000
115 300
200 000
214 300
202 000
242 071
296 000
300 000
20 900
27 900
14 900
15 850
21 900
24 000
10 500
25 500
9 900
13 900
22 900
13 900
17 000
14 600
26 900
17 900
15 900
11 000
33 000
11 900
12 500
13 900
15 900
21 500
19 900
12 000
9 250
27 921
11 800
8 000
13 900
8 900
8 400
13 900
21 900
33 900
15 700
12 999
14 900
14 600
14 900
20 900
16 800
11 500
3 800
8 950
24 990
7 200
11 900
15 498
15 900
18 500
15 500
8 900
12 900
19 900
25 900
10 900
24 500
18 900
12 800
17 900
11 999
16 900
12 000
8 500
54 000
19 900
7 300
17 999
10 900
12 999
9 300
7 900
29 900
19 500
9 900
9 500
4 499
15 500
46 000
12 900
8 600
16 500
12 900
4 300
14 900
12 900
5 950
6 500
6 500
29 800
7 880
15 900
8 900
13 900
13 200
12 999
8 000
9 900
49 900
16 000
19 000
12 900
17 900
22 900
7 777
29 900
19 900
16 900
13 500
17 999
19 999
17 900
15 500
17 500
23 900
22 900
25 900
15 900
15 999
18 900
16 500
17 700
15 500
26 900
25 000
14 900
8 700
16 900
32 000
14 900
26 900
4 900
16 900
12 000
16 900
16 900
5 900
31 000
10 900
17 900
12 900
14 900
11 400
15 700
8 900
17 300
5 900
17 900
15 900
21 700
12 900
8 900
8 900
17 999
28 900
23 900
14 900
25 900
9 999
13 900
7 900
4 900
18 500
26 900
21 900
16 900
9 900
9 000
20 900
14 900
15 900
15 900
13 900
8 900
16 900
9 800
12 900
8 900
26 900
26 900
18 900
9 900
23 900
19 499
29 900
3 200
12 900
13 000
1 900
4 100
1 399
9 900
10 900
17 300
20 300
21 997
43 500
22 990
9 717
12 999
14 900
14 900
2 500
14 300
6 999
16 999
11 999
15 900
14 900
10 900
11 900
17 900
18 900
3 300
17 900
15 500
7 500
19 900
7 200
16 100
16 800
15 900
5 500
9 900
19 990
15 900
13 900
14 499
8 500
6 999
13 500
19 900
12 900
13 500
13 690
5 900
1 999
10 500
10 900
14 000
7 500
10 700
13 700
8 900
10 500
12 900
12 900
13 000
3 250
11 800
3 250
13 600
10 900
14 400
11 900
29 900
2 700
27 900
13 900
20 500
8 600
40 500
11 700
25 800
12 500
15 700
27 000
21 900
10 900
7 500
13 900
8 900
13 400
18 900
20 700
11 800
15 900
13 900
17 900
13 300
10 900
7 900
13 500
8 999
16 200
7 200
16 800
8 300
11 900
8 000
10 600
15 600
10 500
13 400
14 400
16 900
6 500
14 900
7 800
19 400
7 700
14 300
19 499
4 700
11 990
9 200
12 000
13 000
21 900
12 500
11 300
13 999
15 900
24 300
20 000
19 900
11 900
27 500
13 900
18 900
13 000
10 900
16 999
8 200
15 900
6 500
21 000
14 900
14 890
13 900
2 500
6 500
2007 
2011 
2007 
2006 
2008 
2009 
2005 
2008 
2003 
2007 
2010 
2008 
2002 
2007 
2008 
2001 
2004 
2007 
2010 
2005 
2006 
2004 
2007 
2007 
2010 
2007 
2005 
2007 
2006 
2006 
2004 
2006 
2004 
2003 
2010 
2005 
2004 
2007 
2006 
2008 
2008 
2008 
2005 
2003 
2007 
2007 
2008 
1998 
2005 
2008 
2004 
2009 
2008 
2003 
2006 
2008 
2007 
2006 
2009 
2008 
2008 
2008 
2008 
2007 
2007 
2005 
2008 
2007 
2002 
2007 
2005 
2008 
2007 
2007 
2008 
2007 
2004 
2003 
2003 
2007 
2008 
2008 
2005 
2003 
2006 
1999 
2009 
2006 
2010 
1999 
2001 
2011 
2003 
2007 
2004 
2003 
2005 
2005 
2003 
2007 
2011 
2003 
2007 
2007 
2008 
2009 
2006 
2008 
2008 
2005 
2008 
2008 
2000 
2004 
2007 
2009 
2007 
2008 
2004 
2007 
2008 
2009 
2008 
2008 
2005 
2008 
2005 
2002 
2005 
2004 
2008 
2007 
2008 
2007 
2008 
2002 
2008 
2003 
2005 
2010 
2004 
2009 
2009 
2007 
2007 
2008 
2006 
2009 
2000 
2007 
2006 
2007 
2009 
2002 
2005 
2008 
2007 
2007 
2003 
2008 
2008 
2008 
2002 
2003 
2003 
2005 
2007 
2008 
2004 
2004 
2010 
2008 
2008 
2003 
2004 
2004 
2008 
2004 
2006 
2001 
2010 
2008 
2005 
2006 
2008 
1999 
2008 
2001 
2000 
2004 
1999 
2000 
2000 
2003 
2004 
2008 
2008 
2007 
2009 
2008 
2007 
2006 
2003 
2005 
2006 
2005 
2004 
2001 
2005 
2006 
2007 
2005 
2006 
2009 
2006 
2000 
2005 
2004 
2004 
2004 
2005 
2008 
2008 
2003 
2000 
2005 
2009 
2008 
2006 
2002 
2006 
2004 
2006 
2008 
2007 
2005 
2007 
2006 
1998 
2006 
2007 
2008 
2006 
2006 
2008 
2005 
2005 
2004 
2007 
2003 
2001 
2004 
2006 
2008 
2006 
2007 
2006 
2011 
2001 
2008 
2003 
2007 
2004 
2010 
2007 
2008 
2007 
2008 
2009 
2008 
2006 
2003 
2006 
2003 
2003 
2005 
2008 
2006 
2009 
2007 
2008 
2008 
2007 
2004 
2006 
2005 
2008 
2007 
2005 
2006 
2006 
2006 
2006 
2008 
2004 
2006 
2008 
2008 
2003 
1998 
2000 
2008 
2002 
2007 
2003 
2003 
2005 
2001 
2007 
2009 
2005 
2007 
2007 
2005 
2007 
2011 
2004 
2008 
2006 
2008 
2008 
2008 
1998 
2006 
2008 
2006 
2006 
2002 
2007 
2008 
2007 
2006 
2001 
2000 
243 000
115 000
252 000
204 000
189 400
207 000
284 000
175 000
180 000
240 000
212 000
270 000
223 006
183 973
266 382
251 133
220 810
345 000
200 100
238 000
278 000
249 000
211 000
191 000
259 000
140 000
244 000
167 592
239 000
288 000
250 974
307 300
289 000
240 000
156 000
149 000
217 000
318 123
242 000
217 000
270 000
300 300
260 000
236 393
235 737
340 000
201 352
192 000
290 000
293 000
230 000
152 000
223 700
258 000
174 805
232 200
208 000
271 000
182 000
221 000
345 214
274 500
254 000
245 000
260 000
279 426
144 000
210 000
309 000
176 903
141 682
259 123
210 738
185 000
172 124
225 000
261 489
255 380
275 000
283 000
140 000
182 000
375 000
170 000
227 000
200 000
238 000
217 070
250 565
240 000
214 000
228 650
299 900
193 000
209 100
276 000
131 000
326 500
230 000
263 000
201 500
282 000
256 000
226 600
173 000
228 000
278 375
230 000
230 000
144 000
199 000
224 000
273 000
175 000
249 000
151 000
260 000
224 000
215 500
210 000
198 000
172 000
227 600
272 000
168 000
205 000
246 000
255 200
281 000
241 000
224 714
202 000
147 000
150 000
186 000
195 676
207 000
218 000
247 721
215 000
226 587
202 000
192 571
230 000
220 000
255 000
296 000
182 494
207 000
226 000
168 940
291 000
236 000
252 609
301 000
195 000
130 000
245 000
236 000
214 000
280 000
130 000
192 000
248 000
195 243
77 252
220 928
294 650
268 620
290 000
220 000
268 200
246 500
202 141
210 000
290 000
260 000
261 000
357 000
241 710
181 000
135 000
179 000
270 000
2 240 000
277 000
272 000
314 000
346 998
283 533
172 000
290 000
212 256
280 000
220 000
182 000
226 000
158 000
135 000
263 000
181 000
298 000
197 000
270 000
182 400
175 000
310 000
251 000
332 000
314 000
179 000
265 000
161 200
223 000
198 690
229 189
290 000
230 000
324 000
223 000
242 000
224 000
233 000
308 000
303 000
299 000
260 000
280 000
249 000
165 900
350 000
250 000
370 571
91 000
104 360
247 000
254 300
352 000
357 000
193 232
267 000
320 000
393 000
242 800
210 000
180 000
203 546
205 000
315 000
325 000
178 088
243 357
243 260
216 000
289 000
209 568
250 000
328 013
300 630
161 000
225 000
221 451
264 000
181 400
265 000
180 000
372 000
260 000
174 500
254 931
243 650
192 564
212 000
249 300
235 000
261 000
239 000
197 032
225 672
229 000
216 000
246 500
318 000
111 111
152 510
245 000
269 421
208 000
293 000
437 000
287 000
238 000
244 000
313 000
263 800
267 706
313 767
215 000
383 000
211 000
241 000
168 000
166 793
250 500
274 000
291 000
185 666
216 000
188 508
129 000
159 000
256 600
283 000
214 560
249 856
215 750
250 500
260 000
245 000
201 000
252 000
290 000
427 700
182 000
110 000
250 000
190 000
115 300
200 000
214 300
202 000
242 071
296 000
300 000
20 900
27 900
14 900
15 850
21 900
24 000
10 500
25 500
9 900
13 900
22 900
13 900
17 000
14 600
26 900
17 900
15 900
11 000
33 000
11 900
12 500
13 900
15 900
21 500
19 900
12 000
9 250
27 921
11 800
8 000
13 900
8 900
8 400
13 900
21 900
33 900
15 700
12 999
14 900
14 600
14 900
20 900
16 800
11 500
3 800
8 950
24 990
7 200
11 900
15 498
15 900
18 500
15 500
8 900
12 900
19 900
25 900
10 900
24 500
18 900
12 800
17 900
11 999
16 900
12 000
8 500
54 000
19 900
7 300
17 999
10 900
12 999
9 300
7 900
29 900
19 500
9 900
9 500
4 499
15 500
46 000
12 900
8 600
16 500
12 900
4 300
14 900
12 900
5 950
6 500
6 500
29 800
7 880
15 900
8 900
13 900
13 200
12 999
8 000
9 900
49 900
16 000
19 000
12 900
17 900
22 900
7 777
29 900
19 900
16 900
13 500
17 999
19 999
17 900
15 500
17 500
23 900
22 900
25 900
15 900
15 999
18 900
16 500
17 700
15 500
26 900
25 000
14 900
8 700
16 900
32 000
14 900
26 900
4 900
16 900
12 000
16 900
16 900
5 900
31 000
10 900
17 900
12 900
14 900
11 400
15 700
8 900
17 300
5 900
17 900
15 900
21 700
12 900
8 900
8 900
17 999
28 900
23 900
14 900
25 900
9 999
13 900
7 900
4 900
18 500
26 900
21 900
16 900
9 900
9 000
20 900
14 900
15 900
15 900
13 900
8 900
16 900
9 800
12 900
8 900
26 900
26 900
18 900
9 900
23 900
19 499
29 900
3 200
12 900
13 000
1 900
4 100
1 399
9 900
10 900
17 300
20 300
21 997
43 500
22 990
9 717
12 999
14 900
14 900
2 500
14 300
6 999
16 999
11 999
15 900
14 900
10 900
11 900
17 900
18 900
3 300
17 900
15 500
7 500
19 900
7 200
16 100
16 800
15 900
5 500
9 900
19 990
15 900
13 900
14 499
8 500
6 999
13 500
19 900
12 900
13 500
13 690
5 900
1 999
10 500
10 900
14 000
7 500
10 700
13 700
8 900
10 500
12 900
12 900
13 000
3 250
11 800
3 250
13 600
10 900
14 400
11 900
29 900
2 700
27 900
13 900
20 500
8 600
40 500
11 700
25 800
12 500
15 700
27 000
21 900
10 900
7 500
13 900
8 900
13 400
18 900
20 700
11 800
15 900
13 900
17 900
13 300
10 900
7 900
13 500
8 999
16 200
7 200
16 800
8 300
11 900
8 000
10 600
15 600
10 500
13 400
14 400
16 900
6 500
14 900
7 800
19 400
7 700
14 300
19 499
4 700
11 990
9 200
12 000
13 000
21 900
12 500
11 300
13 999
15 900
24 300
20 000
19 900
11 900
27 500
13 900
18 900
13 000
10 900
16 999
8 200
15 900
6 500
21 000
14 900
14 890
13 900
2 500
6 500
2007 
2011 
2007 
2006 
2008 
2009 
2005 
2008 
2003 
2007 
2010 
2008 
2002 
2007 
2008 
2001 
2004 
2007 
2010 
2005 
2006 
2004 
2007 
2007 
2010 
2007 
2005 
2007 
2006 
2006 
2004 
2006 
2004 
2003 
2010 
2005 
2004 
2007 
2006 
2008 
2008 
2008 
2005 
2003 
2007 
2007 
2008 
1998 
2005 
2008 
2004 
2009 
2008 
2003 
2006 
2008 
2007 
2006 
2009 
2008 
2008 
2008 
2008 
2007 
2007 
2005 
2008 
2007 
2002 
2007 
2005 
2008 
2007 
2007 
2008 
2007 
2004 
2003 
2003 
2007 
2008 
2008 
2005 
2003 
2006 
1999 
2009 
2006 
2010 
1999 
2001 
2011 
2003 
2007 
2004 
2003 
2005 
2005 
2003 
2007 
2011 
2003 
2007 
2007 
2008 
2009 
2006 
2008 
2008 
2005 
2008 
2008 
2000 
2004 
2007 
2009 
2007 
2008 
2004 
2007 
2008 
2009 
2008 
2008 
2005 
2008 
2005 
2002 
2005 
2004 
2008 
2007 
2008 
2007 
2008 
2002 
2008 
2003 
2005 
2010 
2004 
2009 
2009 
2007 
2007 
2008 
2006 
2009 
2000 
2007 
2006 
2007 
2009 
2002 
2005 
2008 
2007 
2007 
2003 
2008 
2008 
2008 
2002 
2003 
2003 
2005 
2007 
2008 
2004 
2004 
2010 
2008 
2008 
2003 
2004 
2004 
2008 
2004 
2006 
2001 
2010 
2008 
2005 
2006 
2008 
1999 
2008 
2001 
2000 
2004 
1999 
2000 
2000 
2003 
2004 
2008 
2008 
2007 
2009 
2008 
2007 
2006 
2003 
2005 
2006 
2005 
2004 
2001 
2005 
2006 
2007 
2005 
2006 
2009 
2006 
2000 
2005 
2004 
2004 
2004 
2005 
2008 
2008 
2003 
2000 
2005 
2009 
2008 
2006 
2002 
2006 
2004 
2006 
2008 
2007 
2005 
2007 
2006 
1998 
2006 
2007 
2008 
2006 
2006 
2008 
2005 
2005 
2004 
2007 
2003 
2001 
2004 
2006 
2008 
2006 
2007 
2006 
2011 
2001 
2008 
2003 
2007 
2004 
2010 
2007 
2008 
2007 
2008 
2009 
2008 
2006 
2003 
2006 
2003 
2003 
2005 
2008 
2006 
2009 
2007 
2008 
2008 
2007 
2004 
2006 
2005 
2008 
2007 
2005 
2006 
2006 
2006 
2006 
2008 
2004 
2006 
2008 
2008 
2003 
1998 
2000 
2008 
2002 
2007 
2003 
2003 
2005 
2001 
2007 
2009 
2005 
2007 
2007 
2005 
2007 
2011 
2004 
2008 
2006 
2008 
2008 
2008 
1998 
2006 
2008 
2006 
2006 
2002 
2007 
2008 
2007 
2006 
2001 
2000 
243 000
115 000
252 000
204 000
189 400
207 000
284 000
175 000
180 000
240 000
212 000
270 000
223 006
183 973
266 382
251 133
220 810
345 000
200 100
238 000
278 000
249 000
211 000
191 000
259 000
140 000
244 000
167 592
239 000
288 000
250 974
307 300
289 000
240 000
156 000
149 000
217 000
318 123
242 000
217 000
270 000
300 300
260 000
236 393
235 737
340 000
201 352
192 000
290 000
293 000
230 000
152 000
223 700
258 000
174 805
232 200
208 000
271 000
182 000
221 000
345 214
274 500
254 000
245 000
260 000
279 426
144 000
210 000
309 000
176 903
141 682
259 123
210 738
185 000
172 124
225 000
261 489
255 380
275 000
283 000
140 000
182 000
375 000
170 000
227 000
200 000
238 000
217 070
250 565
240 000
214 000
228 650
299 900
193 000
209 100
276 000
131 000
326 500
230 000
263 000
201 500
282 000
256 000
226 600
173 000
228 000
278 375
230 000
230 000
144 000
199 000
224 000
273 000
175 000
249 000
151 000
260 000
224 000
215 500
210 000
198 000
172 000
227 600
272 000
168 000
205 000
246 000
255 200
281 000
241 000
224 714
202 000
147 000
150 000
186 000
195 676
207 000
218 000
247 721
215 000
226 587
202 000
192 571
230 000
220 000
255 000
296 000
182 494
207 000
226 000
168 940
291 000
236 000
252 609
301 000
195 000
130 000
245 000
236 000
214 000
280 000
130 000
192 000
248 000
195 243
77 252
220 928
294 650
268 620
290 000
220 000
268 200
246 500
202 141
210 000
290 000
260 000
261 000
357 000
241 710
181 000
135 000
179 000
270 000
2 240 000
277 000
272 000
314 000
346 998
283 533
172 000
290 000
212 256
280 000
220 000
182 000
226 000
158 000
135 000
263 000
181 000
298 000
197 000
270 000
182 400
175 000
310 000
251 000
332 000
314 000
179 000
265 000
161 200
223 000
198 690
229 189
290 000
230 000
324 000
223 000
242 000
224 000
233 000
308 000
303 000
299 000
260 000
280 000
249 000
165 900
350 000
250 000
370 571
91 000
104 360
247 000
254 300
352 000
357 000
193 232
267 000
320 000
393 000
242 800
210 000
180 000
203 546
205 000
315 000
325 000
178 088
243 357
243 260
216 000
289 000
209 568
250 000
328 013
300 630
161 000
225 000
221 451
264 000
181 400
265 000
180 000
372 000
260 000
174 500
254 931
243 650
192 564
212 000
249 300
235 000
261 000
239 000
197 032
225 672
229 000
216 000
246 500
318 000
111 111
152 510
245 000
269 421
208 000
293 000
437 000
287 000
238 000
244 000
313 000
263 800
267 706
313 767
215 000
383 000
211 000
241 000
168 000
166 793
250 500
274 000
291 000
185 666
216 000
188 508
129 000
159 000
256 600
283 000
214 560
249 856
215 750
250 500
260 000
245 000
201 000
252 000
290 000
427 700
182 000
110 000
250 000
190 000
115 300
200 000
214 300
202 000
242 071
296 000
300 000
20 900
27 900
14 900
15 850
21 900
24 000
10 500
25 500
9 900
13 900
22 900
13 900
17 000
14 600
26 900
17 900
15 900
11 000
33 000
11 900
12 500
13 900
15 900
21 500
19 900
12 000
9 250
27 921
11 800
8 000
13 900
8 900
8 400
13 900
21 900
33 900
15 700
12 999
14 900
14 600
14 900
20 900
16 800
11 500
3 800
8 950
24 990
7 200
11 900
15 498
15 900
18 500
15 500
8 900
12 900
19 900
25 900
10 900
24 500
18 900
12 800
17 900
11 999
16 900
12 000
8 500
54 000
19 900
7 300
17 999
10 900
12 999
9 300
7 900
29 900
19 500
9 900
9 500
4 499
15 500
46 000
12 900
8 600
16 500
12 900
4 300
14 900
12 900
5 950
6 500
6 500
29 800
7 880
15 900
8 900
13 900
13 200
12 999
8 000
9 900
49 900
16 000
19 000
12 900
17 900
22 900
7 777
29 900
19 900
16 900
13 500
17 999
19 999
17 900
15 500
17 500
23 900
22 900
25 900
15 900
15 999
18 900
16 500
17 700
15 500
26 900
25 000
14 900
8 700
16 900
32 000
14 900
26 900
4 900
16 900
12 000
16 900
16 900
5 900
31 000
10 900
17 900
12 900
14 900
11 400
15 700
8 900
17 300
5 900
17 900
15 900
21 700
12 900
8 900
8 900
17 999
28 900
23 900
14 900
25 900
9 999
13 900
7 900
4 900
18 500
26 900
21 900
16 900
9 900
9 000
20 900
14 900
15 900
15 900
13 900
8 900
16 900
9 800
12 900
8 900
26 900
26 900
18 900
9 900
23 900
19 499
29 900
3 200
12 900
13 000
1 900
4 100
1 399
9 900
10 900
17 300
20 300
21 997
43 500
22 990
9 717
12 999
14 900
14 900
2 500
14 300
6 999
16 999
11 999
15 900
14 900
10 900
11 900
17 900
18 900
3 300
17 900
15 500
7 500
19 900
7 200
16 100
16 800
15 900
5 500
9 900
19 990
15 900
13 900
14 499
8 500
6 999
13 500
19 900
12 900
13 500
13 690
5 900
1 999
10 500
10 900
14 000
7 500
10 700
13 700
8 900
10 500
12 900
12 900
13 000
3 250
11 800
3 250
13 600
10 900
14 400
11 900
29 900
2 700
27 900
13 900
20 500
8 600
40 500
11 700
25 800
12 500
15 700
27 000
21 900
10 900
7 500
13 900
8 900
13 400
18 900
20 700
11 800
15 900
13 900
17 900
13 300
10 900
7 900
13 500
8 999
16 200
7 200
16 800
8 300
11 900
8 000
10 600
15 600
10 500
13 400
14 400
16 900
6 500
14 900
7 800
19 400
7 700
14 300
19 499
4 700
11 990
9 200
12 000
13 000
21 900
12 500
11 300
13 999
15 900
24 300
20 000
19 900
11 900
27 500
13 900
18 900
13 000
10 900
16 999
8 200
15 900
6 500
21 000
14 900
14 890
13 900
2 500
6 500
2007 
2011 
2007 
2006 
2008 
2009 
2005 
2008 
2003 
2007 
2010 
2008 
2002 
2007 
2008 
2001 
2004 
2007 
2010 
2005 
2006 
2004 
2007 
2007 
2010 
2007 
2005 
2007 
2006 
2006 
2004 
2006 
2004 
2003 
2010 
2005 
2004 
2007 
2006 
2008 
2008 
2008 
2005 
2003 
2007 
2007 
2008 
1998 
2005 
2008 
2004 
2009 
2008 
2003 
2006 
2008 
2007 
2006 
2009 
2008 
2008 
2008 
2008 
2007 
2007 
2005 
2008 
2007 
2002 
2007 
2005 
2008 
2007 
2007 
2008 
2007 
2004 
2003 
2003 
2007 
2008 
2008 
2005 
2003 
2006 
1999 
2009 
2006 
2010 
1999 
2001 
2011 
2003 
2007 
2004 
2003 
2005 
2005 
2003 
2007 
2011 
2003 
2007 
2007 
2008 
2009 
2006 
2008 
2008 
2005 
2008 
2008 
2000 
2004 
2007 
2009 
2007 
2008 
2004 
2007 
2008 
2009 
2008 
2008 
2005 
2008 
2005 
2002 
2005 
2004 
2008 
2007 
2008 
2007 
2008 
2002 
2008 
2003 
2005 
2010 
2004 
2009 
2009 
2007 
2007 
2008 
2006 
2009 
2000 
2007 
2006 
2007 
2009 
2002 
2005 
2008 
2007 
2007 
2003 
2008 
2008 
2008 
2002 
2003 
2003 
2005 
2007 
2008 
2004 
2004 
2010 
2008 
2008 
2003 
2004 
2004 
2008 
2004 
2006 
2001 
2010 
2008 
2005 
2006 
2008 
1999 
2008 
2001 
2000 
2004 
1999 
2000 
2000 
2003 
2004 
2008 
2008 
2007 
2009 
2008 
2007 
2006 
2003 
2005 
2006 
2005 
2004 
2001 
2005 
2006 
2007 
2005 
2006 
2009 
2006 
2000 
2005 
2004 
2004 
2004 
2005 
2008 
2008 
2003 
2000 
2005 
2009 
2008 
2006 
2002 
2006 
2004 
2006 
2008 
2007 
2005 
2007 
2006 
1998 
2006 
2007 
2008 
2006 
2006 
2008 
2005 
2005 
2004 
2007 
2003 
2001 
2004 
2006 
2008 
2006 
2007 
2006 
2011 
2001 
2008 
2003 
2007 
2004 
2010 
2007 
2008 
2007 
2008 
2009 
2008 
2006 
2003 
2006 
2003 
2003 
2005 
2008 
2006 
2009 
2007 
2008 
2008 
2007 
2004 
2006 
2005 
2008 
2007 
2005 
2006 
2006 
2006 
2006 
2008 
2004 
2006 
2008 
2008 
2003 
1998 
2000 
2008 
2002 
2007 
2003 
2003 
2005 
2001 
2007 
2009 
2005 
2007 
2007 
2005 
2007 
2011 
2004 
2008 
2006 
2008 
2008 
2008 
1998 
2006 
2008 
2006 
2006 
2002 
2007 
2008 
2007 
2006 
2001 
2000 
243 000
115 000
252 000
204 000
189 400
207 000
284 000
175 000
180 000
240 000
212 000
270 000
223 006
183 973
266 382
251 133
220 810
345 000
200 100
238 000
278 000
249 000
211 000
191 000
259 000
140 000
244 000
167 592
239 000
288 000
250 974
307 300
289 000
240 000
156 000
149 000
217 000
318 123
242 000
217 000
270 000
300 300
260 000
236 393
235 737
340 000
201 352
192 000
290 000
293 000
230 000
152 000
223 700
258 000
174 805
232 200
208 000
271 000
182 000
221 000
345 214
274 500
254 000
245 000
260 000
279 426
144 000
210 000
309 000
176 903
141 682
259 123
210 738
185 000
172 124
225 000
261 489
255 380
275 000
283 000
140 000
182 000
375 000
170 000
227 000
200 000
238 000
217 070
250 565
240 000
214 000
228 650
299 900
193 000
209 100
276 000
131 000
326 500
230 000
263 000
201 500
282 000
256 000
226 600
173 000
228 000
278 375
230 000
230 000
144 000
199 000
224 000
273 000
175 000
249 000
151 000
260 000
224 000
215 500
210 000
198 000
172 000
227 600
272 000
168 000
205 000
246 000
255 200
281 000
241 000
224 714
202 000
147 000
150 000
186 000
195 676
207 000
218 000
247 721
215 000
226 587
202 000
192 571
230 000
220 000
255 000
296 000
182 494
207 000
226 000
168 940
291 000
236 000
252 609
301 000
195 000
130 000
245 000
236 000
214 000
280 000
130 000
192 000
248 000
195 243
77 252
220 928
294 650
268 620
290 000
220 000
268 200
246 500
202 141
210 000
290 000
260 000
261 000
357 000
241 710
181 000
135 000
179 000
270 000
2 240 000
277 000
272 000
314 000
346 998
283 533
172 000
290 000
212 256
280 000
220 000
182 000
226 000
158 000
135 000
263 000
181 000
298 000
197 000
270 000
182 400
175 000
310 000
251 000
332 000
314 000
179 000
265 000
161 200
223 000
198 690
229 189
290 000
230 000
324 000
223 000
242 000
224 000
233 000
308 000
303 000
299 000
260 000
280 000
249 000
165 900
350 000
250 000
370 571
91 000
104 360
247 000
254 300
352 000
357 000
193 232
267 000
320 000
393 000
242 800
210 000
180 000
203 546
205 000
315 000
325 000
178 088
243 357
243 260
216 000
289 000
209 568
250 000
328 013
300 630
161 000
225 000
221 451
264 000
181 400
265 000
180 000
372 000
260 000
174 500
254 931
243 650
192 564
212 000
249 300
235 000
261 000
239 000
197 032
225 672
229 000
216 000
246 500
318 000
111 111
152 510
245 000
269 421
208 000
293 000
437 000
287 000
238 000
244 000
313 000
263 800
267 706
313 767
215 000
383 000
211 000
241 000
168 000
166 793
250 500
274 000
291 000
185 666
216 000
188 508
129 000
159 000
256 600
283 000
214 560
249 856
215 750
250 500
260 000
245 000
201 000
252 000
290 000
427 700
182 000
110 000
250 000
190 000
115 300
200 000
214 300
202 000
242 071
296 000
300 000
