84 900
114 000
22 000
34 000
168 900
27 500
21 900
24 300
94 999
28 999
24 900
162 900
67 999
28 900
25 900
33 900
39 000
12 900
29 900
24 500
19 900
30 000
23 900
34 900
22 500
30 990
25 000
165 700
37 900
59 900
19 999
164 900
169 900
33 900
19 900
24 900
22 900
27 500
131 900
18 000
166 500
25 900
17 900
107 900
167 000
19 900
20 800
146 900
21 900
30 700
165 579
26 900
26 900
28 900
19 900
21 900
179 900
23 900
105 000
23 900
12 999
27 000
19 700
78 900
21 900
23 986
25 000
53 900
22 900
25 900
139 600
142 200
142 200
110 900
25 999
22 900
29 500
36 900
24 600
18 000
34 950
29 900
29 900
29 900
161 000
22 900
85 900
17 900
33 900
24 800
18 900
23 888
159 900
134 900
20 500
27 900
129 900
25 900
25 900
173 900
97 990
163 999
30 900
19 900
35 000
23 900
16 000
20 900
31 600
28 900
115 500
25 900
28 500
31 500
38 900
163 700
119 900
107 000
23 600
23 900
23 900
19 900
20 399
19 900
24 900
28 900
159 900
44 900
24 000
17 999
28 900
34 900
99 999
22 900
28 900
25 800
164 000
153 900
33 900
34 000
24 900
23 900
22 900
21 500
21 900
24 900
34 999
162 900
22 900
17 500
24 900
21 700
149 940
35 000
23 490
26 986
32 900
29 700
24 900
24 000
153 500
17 800
162 500
36 900
99 900
25 900
156 500
151 500
23 400
17 900
33 999
33 200
29 900
23 900
23 900
24 900
20 800
37 900
23 900
27 300
29 900
38 500
22 999
23 900
26 900
16 499
94 900
24 800
24 900
24 900
25 900
118 000
23 900
23 800
33 900
71 999
21 700
26 900
34 500
75 000
20 900
18 500
41 900
23 900
22 900
37 900
169 700
11 700
119 900
2017 
2020 
2010 
2012 
2020 
2011 
2008 
2010 
2017 
2012 
2009 
2020 
2018 
2009 
2008 
2012 
2013 
2008 
2014 
2009 
2008 
2011 
2010 
2012 
2011 
2011 
2009 
2021 
2014 
2019 
2008 
2020 
2021 
2012 
2008 
2008 
2009 
2011 
2019 
2008 
2020 
2008 
2008 
2019 
2020 
2008 
2008 
2020 
2008 
2010 
2020 
2009 
2012 
2010 
2011 
2009 
2020 
2011 
2018 
2008 
2008 
2010 
2009 
2017 
2011 
2008 
2010 
2014 
2009 
2014 
2021 
2021 
2021 
2018 
2011 
2008 
2009 
2011 
2009 
2008 
2011 
2011 
2011 
2012 
2020 
2008 
2017 
2008 
2012 
2009 
2009 
2008 
2020 
2019 
2010 
2011 
2019 
2009 
2010 
2021 
2017 
2020 
2010 
2008 
2013 
2010 
2011 
2010 
2011 
2010 
2018 
2011 
2009 
2013 
2012 
2020 
2019 
2019 
2008 
2009 
2009 
2008 
2008 
2008 
2008 
2010 
2020 
2013 
2010 
2008 
2008 
2013 
2018 
2009 
2009 
2012 
2020 
2021 
2011 
2012 
2008 
2009 
2009 
2009 
2008 
2010 
2012 
2020 
2010 
2008 
2008 
2009 
2020 
2011 
2009 
2008 
2012 
2011 
2009 
2010 
2020 
2008 
2021 
2012 
2018 
2011 
2020 
2021 
2010 
2008 
2013 
2012 
2010 
2008 
2011 
2011 
2008 
2012 
2008 
2010 
2011 
2012 
2009 
2009 
2008 
2008 
2018 
2009 
2009 
2008 
2010 
2017 
2009 
2009 
2012 
2017 
2009 
2012 
2012 
2019 
2008 
2008 
2015 
2008 
2008 
2013 
2020 
2010 
2019 
67 139
-196 785
147 085
1
149 000
200 650
198 000
69 900
258 000
189 250
5
45 000
168 000
225 000
157 700
138 243
206 000
164 500
142 574
260 000
243 600
180 000
199 655
160 000
171 000
199 134
10
89 000
16 300
256 000
6
1
256 612
269 000
223 000
160 000
129 000
21 000
216 900
5
231 000
172 000
101 256
10
266 111
170 121
10 000
224 705
189 312
1
145 045
179 000
178 000
193 410
168 105
10
121 000
17 500
242 000
237 000
185 122
212 000
52 800
154 239
167 800
182 000
49 100
217 000
243 000
6
6
6
69 540
217 500
212 201
175 000
231 000
204 965
241 000
180 000
91 557
161 500
206 000
5
164 000
62 906
180 000
160 000
142 000
260 300
169 000
10
40 000
166 000
240 000
33 700
232 400
212 000
10
68 668
1
116 316
169 000
177 016
199 000
180 000
213 000
173 812
177 000
54 700
215 000
122 000
177 000
118 492
1
39 000
101 011
164 115
179 700
188 000
182 000
154 000
210 000
187 254
229 000
1 000
106 000
220 000
259 875
136 000
150 124
118 482
251 039
166 770
238 899
5
7
160 000
147 085
209 000
135 000
303 000
218 300
290 000
145 000
170 819
5
235 000
251 000
125 000
166 000
1 000
166 395
161 000
167 800
231 000
189 000
159 000
150 000
12
289 000
1
203 797
117 256
183 000
5
10
190 000
137 369
165 000
163 000
125 000
230 000
129 127
222 000
261 801
106 000
218 000
179 000
187 000
170 000
156 000
99 000
149 808
223 000
12 200
149 950
167 890
216 000
173 700
39 000
177 212
173 000
166 000
18 828
240 000
240 000
102 000
7 700
259 842
286 000
199 000
152 000
194 000
180 000
5
213 000
19 800
84 900
114 000
22 000
34 000
168 900
27 500
21 900
24 300
94 999
28 999
24 900
162 900
67 999
28 900
25 900
33 900
39 000
12 900
29 900
24 500
19 900
30 000
23 900
34 900
22 500
30 990
25 000
165 700
37 900
59 900
19 999
164 900
169 900
33 900
19 900
24 900
22 900
27 500
131 900
18 000
166 500
25 900
17 900
107 900
167 000
19 900
20 800
146 900
21 900
30 700
165 579
26 900
26 900
28 900
19 900
21 900
179 900
23 900
105 000
23 900
12 999
27 000
19 700
78 900
21 900
23 986
25 000
53 900
22 900
25 900
139 600
142 200
142 200
110 900
25 999
22 900
29 500
36 900
24 600
18 000
34 950
29 900
29 900
29 900
161 000
22 900
85 900
17 900
33 900
24 800
18 900
23 888
159 900
134 900
20 500
27 900
129 900
25 900
25 900
173 900
97 990
163 999
30 900
19 900
35 000
23 900
16 000
20 900
31 600
28 900
115 500
25 900
28 500
31 500
38 900
163 700
119 900
107 000
23 600
23 900
23 900
19 900
20 399
19 900
24 900
28 900
159 900
44 900
24 000
17 999
28 900
34 900
99 999
22 900
28 900
25 800
164 000
153 900
33 900
34 000
24 900
23 900
22 900
21 500
21 900
24 900
34 999
162 900
22 900
17 500
24 900
21 700
149 940
35 000
23 490
26 986
32 900
29 700
24 900
24 000
153 500
17 800
162 500
36 900
99 900
25 900
156 500
151 500
23 400
17 900
33 999
33 200
29 900
23 900
23 900
24 900
20 800
37 900
23 900
27 300
29 900
38 500
22 999
23 900
26 900
16 499
94 900
24 800
24 900
24 900
25 900
118 000
23 900
23 800
33 900
71 999
21 700
26 900
34 500
75 000
20 900
18 500
41 900
23 900
22 900
37 900
169 700
11 700
119 900
2017 
2020 
2010 
2012 
2020 
2011 
2008 
2010 
2017 
2012 
2009 
2020 
2018 
2009 
2008 
2012 
2013 
2008 
2014 
2009 
2008 
2011 
2010 
2012 
2011 
2011 
2009 
2021 
2014 
2019 
2008 
2020 
2021 
2012 
2008 
2008 
2009 
2011 
2019 
2008 
2020 
2008 
2008 
2019 
2020 
2008 
2008 
2020 
2008 
2010 
2020 
2009 
2012 
2010 
2011 
2009 
2020 
2011 
2018 
2008 
2008 
2010 
2009 
2017 
2011 
2008 
2010 
2014 
2009 
2014 
2021 
2021 
2021 
2018 
2011 
2008 
2009 
2011 
2009 
2008 
2011 
2011 
2011 
2012 
2020 
2008 
2017 
2008 
2012 
2009 
2009 
2008 
2020 
2019 
2010 
2011 
2019 
2009 
2010 
2021 
2017 
2020 
2010 
2008 
2013 
2010 
2011 
2010 
2011 
2010 
2018 
2011 
2009 
2013 
2012 
2020 
2019 
2019 
2008 
2009 
2009 
2008 
2008 
2008 
2008 
2010 
2020 
2013 
2010 
2008 
2008 
2013 
2018 
2009 
2009 
2012 
2020 
2021 
2011 
2012 
2008 
2009 
2009 
2009 
2008 
2010 
2012 
2020 
2010 
2008 
2008 
2009 
2020 
2011 
2009 
2008 
2012 
2011 
2009 
2010 
2020 
2008 
2021 
2012 
2018 
2011 
2020 
2021 
2010 
2008 
2013 
2012 
2010 
2008 
2011 
2011 
2008 
2012 
2008 
2010 
2011 
2012 
2009 
2009 
2008 
2008 
2018 
2009 
2009 
2008 
2010 
2017 
2009 
2009 
2012 
2017 
2009 
2012 
2012 
2019 
2008 
2008 
2015 
2008 
2008 
2013 
2020 
2010 
2019 
67 139
-196 785
147 085
1
149 000
200 650
198 000
69 900
258 000
189 250
5
45 000
168 000
225 000
157 700
138 243
206 000
164 500
142 574
260 000
243 600
180 000
199 655
160 000
171 000
199 134
10
89 000
16 300
256 000
6
1
256 612
269 000
223 000
160 000
129 000
21 000
216 900
5
231 000
172 000
101 256
10
266 111
170 121
10 000
224 705
189 312
1
145 045
179 000
178 000
193 410
168 105
10
121 000
17 500
242 000
237 000
185 122
212 000
52 800
154 239
167 800
182 000
49 100
217 000
243 000
6
6
6
69 540
217 500
212 201
175 000
231 000
204 965
241 000
180 000
91 557
161 500
206 000
5
164 000
62 906
180 000
160 000
142 000
260 300
169 000
10
40 000
166 000
240 000
33 700
232 400
212 000
10
68 668
1
116 316
169 000
177 016
199 000
180 000
213 000
173 812
177 000
54 700
215 000
122 000
177 000
118 492
1
39 000
101 011
164 115
179 700
188 000
182 000
154 000
210 000
187 254
229 000
1 000
106 000
220 000
259 875
136 000
150 124
118 482
251 039
166 770
238 899
5
7
160 000
147 085
209 000
135 000
303 000
218 300
290 000
145 000
170 819
5
235 000
251 000
125 000
166 000
1 000
166 395
161 000
167 800
231 000
189 000
159 000
150 000
12
289 000
1
203 797
117 256
183 000
5
10
190 000
137 369
165 000
163 000
125 000
230 000
129 127
222 000
261 801
106 000
218 000
179 000
187 000
170 000
156 000
99 000
149 808
223 000
12 200
149 950
167 890
216 000
173 700
39 000
177 212
173 000
166 000
18 828
240 000
240 000
102 000
7 700
259 842
286 000
199 000
152 000
194 000
180 000
5
213 000
19 800
84 900
114 000
22 000
34 000
168 900
27 500
21 900
24 300
94 999
28 999
24 900
162 900
67 999
28 900
25 900
33 900
39 000
12 900
29 900
24 500
19 900
30 000
23 900
34 900
22 500
30 990
25 000
165 700
37 900
59 900
19 999
164 900
169 900
33 900
19 900
24 900
22 900
27 500
131 900
18 000
166 500
25 900
17 900
107 900
167 000
19 900
20 800
146 900
21 900
30 700
165 579
26 900
26 900
28 900
19 900
21 900
179 900
23 900
105 000
23 900
12 999
27 000
19 700
78 900
21 900
23 986
25 000
53 900
22 900
25 900
139 600
142 200
142 200
110 900
25 999
22 900
29 500
36 900
24 600
18 000
34 950
29 900
29 900
29 900
161 000
22 900
85 900
17 900
33 900
24 800
18 900
23 888
159 900
134 900
20 500
27 900
129 900
25 900
25 900
173 900
97 990
163 999
30 900
19 900
35 000
23 900
16 000
20 900
31 600
28 900
115 500
25 900
28 500
31 500
38 900
163 700
119 900
107 000
23 600
23 900
23 900
19 900
20 399
19 900
24 900
28 900
159 900
44 900
24 000
17 999
28 900
34 900
99 999
22 900
28 900
25 800
164 000
153 900
33 900
34 000
24 900
23 900
22 900
21 500
21 900
24 900
34 999
162 900
22 900
17 500
24 900
21 700
149 940
35 000
23 490
26 986
32 900
29 700
24 900
24 000
153 500
17 800
162 500
36 900
99 900
25 900
156 500
151 500
23 400
17 900
33 999
33 200
29 900
23 900
23 900
24 900
20 800
37 900
23 900
27 300
29 900
38 500
22 999
23 900
26 900
16 499
94 900
24 800
24 900
24 900
25 900
118 000
23 900
23 800
33 900
71 999
21 700
26 900
34 500
75 000
20 900
18 500
41 900
23 900
22 900
37 900
169 700
11 700
119 900
2017 
2020 
2010 
2012 
2020 
2011 
2008 
2010 
2017 
2012 
2009 
2020 
2018 
2009 
2008 
2012 
2013 
2008 
2014 
2009 
2008 
2011 
2010 
2012 
2011 
2011 
2009 
2021 
2014 
2019 
2008 
2020 
2021 
2012 
2008 
2008 
2009 
2011 
2019 
2008 
2020 
2008 
2008 
2019 
2020 
2008 
2008 
2020 
2008 
2010 
2020 
2009 
2012 
2010 
2011 
2009 
2020 
2011 
2018 
2008 
2008 
2010 
2009 
2017 
2011 
2008 
2010 
2014 
2009 
2014 
2021 
2021 
2021 
2018 
2011 
2008 
2009 
2011 
2009 
2008 
2011 
2011 
2011 
2012 
2020 
2008 
2017 
2008 
2012 
2009 
2009 
2008 
2020 
2019 
2010 
2011 
2019 
2009 
2010 
2021 
2017 
2020 
2010 
2008 
2013 
2010 
2011 
2010 
2011 
2010 
2018 
2011 
2009 
2013 
2012 
2020 
2019 
2019 
2008 
2009 
2009 
2008 
2008 
2008 
2008 
2010 
2020 
2013 
2010 
2008 
2008 
2013 
2018 
2009 
2009 
2012 
2020 
2021 
2011 
2012 
2008 
2009 
2009 
2009 
2008 
2010 
2012 
2020 
2010 
2008 
2008 
2009 
2020 
2011 
2009 
2008 
2012 
2011 
2009 
2010 
2020 
2008 
2021 
2012 
2018 
2011 
2020 
2021 
2010 
2008 
2013 
2012 
2010 
2008 
2011 
2011 
2008 
2012 
2008 
2010 
2011 
2012 
2009 
2009 
2008 
2008 
2018 
2009 
2009 
2008 
2010 
2017 
2009 
2009 
2012 
2017 
2009 
2012 
2012 
2019 
2008 
2008 
2015 
2008 
2008 
2013 
2020 
2010 
2019 
67 139
-196 785
147 085
1
149 000
200 650
198 000
69 900
258 000
189 250
5
45 000
168 000
225 000
157 700
138 243
206 000
164 500
142 574
260 000
243 600
180 000
199 655
160 000
171 000
199 134
10
89 000
16 300
256 000
6
1
256 612
269 000
223 000
160 000
129 000
21 000
216 900
5
231 000
172 000
101 256
10
266 111
170 121
10 000
224 705
189 312
1
145 045
179 000
178 000
193 410
168 105
10
121 000
17 500
242 000
237 000
185 122
212 000
52 800
154 239
167 800
182 000
49 100
217 000
243 000
6
6
6
69 540
217 500
212 201
175 000
231 000
204 965
241 000
180 000
91 557
161 500
206 000
5
164 000
62 906
180 000
160 000
142 000
260 300
169 000
10
40 000
166 000
240 000
33 700
232 400
212 000
10
68 668
1
116 316
169 000
177 016
199 000
180 000
213 000
173 812
177 000
54 700
215 000
122 000
177 000
118 492
1
39 000
101 011
164 115
179 700
188 000
182 000
154 000
210 000
187 254
229 000
1 000
106 000
220 000
259 875
136 000
150 124
118 482
251 039
166 770
238 899
5
7
160 000
147 085
209 000
135 000
303 000
218 300
290 000
145 000
170 819
5
235 000
251 000
125 000
166 000
1 000
166 395
161 000
167 800
231 000
189 000
159 000
150 000
12
289 000
1
203 797
117 256
183 000
5
10
190 000
137 369
165 000
163 000
125 000
230 000
129 127
222 000
261 801
106 000
218 000
179 000
187 000
170 000
156 000
99 000
149 808
223 000
12 200
149 950
167 890
216 000
173 700
39 000
177 212
173 000
166 000
18 828
240 000
240 000
102 000
7 700
259 842
286 000
199 000
152 000
194 000
180 000
5
213 000
19 800
84 900
114 000
22 000
34 000
168 900
27 500
21 900
24 300
94 999
28 999
24 900
162 900
67 999
28 900
25 900
33 900
39 000
12 900
29 900
24 500
19 900
30 000
23 900
34 900
22 500
30 990
25 000
165 700
37 900
59 900
19 999
164 900
169 900
33 900
19 900
24 900
22 900
27 500
131 900
18 000
166 500
25 900
17 900
107 900
167 000
19 900
20 800
146 900
21 900
30 700
165 579
26 900
26 900
28 900
19 900
21 900
179 900
23 900
105 000
23 900
12 999
27 000
19 700
78 900
21 900
23 986
25 000
53 900
22 900
25 900
139 600
142 200
142 200
110 900
25 999
22 900
29 500
36 900
24 600
18 000
34 950
29 900
29 900
29 900
161 000
22 900
85 900
17 900
33 900
24 800
18 900
23 888
159 900
134 900
20 500
27 900
129 900
25 900
25 900
173 900
97 990
163 999
30 900
19 900
35 000
23 900
16 000
20 900
31 600
28 900
115 500
25 900
28 500
31 500
38 900
163 700
119 900
107 000
23 600
23 900
23 900
19 900
20 399
19 900
24 900
28 900
159 900
44 900
24 000
17 999
28 900
34 900
99 999
22 900
28 900
25 800
164 000
153 900
33 900
34 000
24 900
23 900
22 900
21 500
21 900
24 900
34 999
162 900
22 900
17 500
24 900
21 700
149 940
35 000
23 490
26 986
32 900
29 700
24 900
24 000
153 500
17 800
162 500
36 900
99 900
25 900
156 500
151 500
23 400
17 900
33 999
33 200
29 900
23 900
23 900
24 900
20 800
37 900
23 900
27 300
29 900
38 500
22 999
23 900
26 900
16 499
94 900
24 800
24 900
24 900
25 900
118 000
23 900
23 800
33 900
71 999
21 700
26 900
34 500
75 000
20 900
18 500
41 900
23 900
22 900
37 900
169 700
11 700
119 900
2017 
2020 
2010 
2012 
2020 
2011 
2008 
2010 
2017 
2012 
2009 
2020 
2018 
2009 
2008 
2012 
2013 
2008 
2014 
2009 
2008 
2011 
2010 
2012 
2011 
2011 
2009 
2021 
2014 
2019 
2008 
2020 
2021 
2012 
2008 
2008 
2009 
2011 
2019 
2008 
2020 
2008 
2008 
2019 
2020 
2008 
2008 
2020 
2008 
2010 
2020 
2009 
2012 
2010 
2011 
2009 
2020 
2011 
2018 
2008 
2008 
2010 
2009 
2017 
2011 
2008 
2010 
2014 
2009 
2014 
2021 
2021 
2021 
2018 
2011 
2008 
2009 
2011 
2009 
2008 
2011 
2011 
2011 
2012 
2020 
2008 
2017 
2008 
2012 
2009 
2009 
2008 
2020 
2019 
2010 
2011 
2019 
2009 
2010 
2021 
2017 
2020 
2010 
2008 
2013 
2010 
2011 
2010 
2011 
2010 
2018 
2011 
2009 
2013 
2012 
2020 
2019 
2019 
2008 
2009 
2009 
2008 
2008 
2008 
2008 
2010 
2020 
2013 
2010 
2008 
2008 
2013 
2018 
2009 
2009 
2012 
2020 
2021 
2011 
2012 
2008 
2009 
2009 
2009 
2008 
2010 
2012 
2020 
2010 
2008 
2008 
2009 
2020 
2011 
2009 
2008 
2012 
2011 
2009 
2010 
2020 
2008 
2021 
2012 
2018 
2011 
2020 
2021 
2010 
2008 
2013 
2012 
2010 
2008 
2011 
2011 
2008 
2012 
2008 
2010 
2011 
2012 
2009 
2009 
2008 
2008 
2018 
2009 
2009 
2008 
2010 
2017 
2009 
2009 
2012 
2017 
2009 
2012 
2012 
2019 
2008 
2008 
2015 
2008 
2008 
2013 
2020 
2010 
2019 
67 139
-196 785
147 085
1
149 000
200 650
198 000
69 900
258 000
189 250
5
45 000
168 000
225 000
157 700
138 243
206 000
164 500
142 574
260 000
243 600
180 000
199 655
160 000
171 000
199 134
10
89 000
16 300
256 000
6
1
256 612
269 000
223 000
160 000
129 000
21 000
216 900
5
231 000
172 000
101 256
10
266 111
170 121
10 000
224 705
189 312
1
145 045
179 000
178 000
193 410
168 105
10
121 000
17 500
242 000
237 000
185 122
212 000
52 800
154 239
167 800
182 000
49 100
217 000
243 000
6
6
6
69 540
217 500
212 201
175 000
231 000
204 965
241 000
180 000
91 557
161 500
206 000
5
164 000
62 906
180 000
160 000
142 000
260 300
169 000
10
40 000
166 000
240 000
33 700
232 400
212 000
10
68 668
1
116 316
169 000
177 016
199 000
180 000
213 000
173 812
177 000
54 700
215 000
122 000
177 000
118 492
1
39 000
101 011
164 115
179 700
188 000
182 000
154 000
210 000
187 254
229 000
1 000
106 000
220 000
259 875
136 000
150 124
118 482
251 039
166 770
238 899
5
7
160 000
147 085
209 000
135 000
303 000
218 300
290 000
145 000
170 819
5
235 000
251 000
125 000
166 000
1 000
166 395
161 000
167 800
231 000
189 000
159 000
150 000
12
289 000
1
203 797
117 256
183 000
5
10
190 000
137 369
165 000
163 000
125 000
230 000
129 127
222 000
261 801
106 000
218 000
179 000
187 000
170 000
156 000
99 000
149 808
223 000
12 200
149 950
167 890
216 000
173 700
39 000
177 212
173 000
166 000
18 828
240 000
240 000
102 000
7 700
259 842
286 000
199 000
152 000
194 000
180 000
5
213 000
19 800
84 900
114 000
22 000
34 000
168 900
27 500
21 900
24 300
94 999
28 999
24 900
162 900
67 999
28 900
25 900
33 900
39 000
12 900
29 900
24 500
19 900
30 000
23 900
34 900
22 500
30 990
25 000
165 700
37 900
59 900
19 999
164 900
169 900
33 900
19 900
24 900
22 900
27 500
131 900
18 000
166 500
25 900
17 900
107 900
167 000
19 900
20 800
146 900
21 900
30 700
165 579
26 900
26 900
28 900
19 900
21 900
179 900
23 900
105 000
23 900
12 999
27 000
19 700
78 900
21 900
23 986
25 000
53 900
22 900
25 900
139 600
142 200
142 200
110 900
25 999
22 900
29 500
36 900
24 600
18 000
34 950
29 900
29 900
29 900
161 000
22 900
85 900
17 900
33 900
24 800
18 900
23 888
159 900
134 900
20 500
27 900
129 900
25 900
25 900
173 900
97 990
163 999
30 900
19 900
35 000
23 900
16 000
20 900
31 600
28 900
115 500
25 900
28 500
31 500
38 900
163 700
119 900
107 000
23 600
23 900
23 900
19 900
20 399
19 900
24 900
28 900
159 900
44 900
24 000
17 999
28 900
34 900
99 999
22 900
28 900
25 800
164 000
153 900
33 900
34 000
24 900
23 900
22 900
21 500
21 900
24 900
34 999
162 900
22 900
17 500
24 900
21 700
149 940
35 000
23 490
26 986
32 900
29 700
24 900
24 000
153 500
17 800
162 500
36 900
99 900
25 900
156 500
151 500
23 400
17 900
33 999
33 200
29 900
23 900
23 900
24 900
20 800
37 900
23 900
27 300
29 900
38 500
22 999
23 900
26 900
16 499
94 900
24 800
24 900
24 900
25 900
118 000
23 900
23 800
33 900
71 999
21 700
26 900
34 500
75 000
20 900
18 500
41 900
23 900
22 900
37 900
169 700
11 700
119 900
2017 
2020 
2010 
2012 
2020 
2011 
2008 
2010 
2017 
2012 
2009 
2020 
2018 
2009 
2008 
2012 
2013 
2008 
2014 
2009 
2008 
2011 
2010 
2012 
2011 
2011 
2009 
2021 
2014 
2019 
2008 
2020 
2021 
2012 
2008 
2008 
2009 
2011 
2019 
2008 
2020 
2008 
2008 
2019 
2020 
2008 
2008 
2020 
2008 
2010 
2020 
2009 
2012 
2010 
2011 
2009 
2020 
2011 
2018 
2008 
2008 
2010 
2009 
2017 
2011 
2008 
2010 
2014 
2009 
2014 
2021 
2021 
2021 
2018 
2011 
2008 
2009 
2011 
2009 
2008 
2011 
2011 
2011 
2012 
2020 
2008 
2017 
2008 
2012 
2009 
2009 
2008 
2020 
2019 
2010 
2011 
2019 
2009 
2010 
2021 
2017 
2020 
2010 
2008 
2013 
2010 
2011 
2010 
2011 
2010 
2018 
2011 
2009 
2013 
2012 
2020 
2019 
2019 
2008 
2009 
2009 
2008 
2008 
2008 
2008 
2010 
2020 
2013 
2010 
2008 
2008 
2013 
2018 
2009 
2009 
2012 
2020 
2021 
2011 
2012 
2008 
2009 
2009 
2009 
2008 
2010 
2012 
2020 
2010 
2008 
2008 
2009 
2020 
2011 
2009 
2008 
2012 
2011 
2009 
2010 
2020 
2008 
2021 
2012 
2018 
2011 
2020 
2021 
2010 
2008 
2013 
2012 
2010 
2008 
2011 
2011 
2008 
2012 
2008 
2010 
2011 
2012 
2009 
2009 
2008 
2008 
2018 
2009 
2009 
2008 
2010 
2017 
2009 
2009 
2012 
2017 
2009 
2012 
2012 
2019 
2008 
2008 
2015 
2008 
2008 
2013 
2020 
2010 
2019 
67 139
-196 785
147 085
1
149 000
200 650
198 000
69 900
258 000
189 250
5
45 000
168 000
225 000
157 700
138 243
206 000
164 500
142 574
260 000
243 600
180 000
199 655
160 000
171 000
199 134
10
89 000
16 300
256 000
6
1
256 612
269 000
223 000
160 000
129 000
21 000
216 900
5
231 000
172 000
101 256
10
266 111
170 121
10 000
224 705
189 312
1
145 045
179 000
178 000
193 410
168 105
10
121 000
17 500
242 000
237 000
185 122
212 000
52 800
154 239
167 800
182 000
49 100
217 000
243 000
6
6
6
69 540
217 500
212 201
175 000
231 000
204 965
241 000
180 000
91 557
161 500
206 000
5
164 000
62 906
180 000
160 000
142 000
260 300
169 000
10
40 000
166 000
240 000
33 700
232 400
212 000
10
68 668
1
116 316
169 000
177 016
199 000
180 000
213 000
173 812
177 000
54 700
215 000
122 000
177 000
118 492
1
39 000
101 011
164 115
179 700
188 000
182 000
154 000
210 000
187 254
229 000
1 000
106 000
220 000
259 875
136 000
150 124
118 482
251 039
166 770
238 899
5
7
160 000
147 085
209 000
135 000
303 000
218 300
290 000
145 000
170 819
5
235 000
251 000
125 000
166 000
1 000
166 395
161 000
167 800
231 000
189 000
159 000
150 000
12
289 000
1
203 797
117 256
183 000
5
10
190 000
137 369
165 000
163 000
125 000
230 000
129 127
222 000
261 801
106 000
218 000
179 000
187 000
170 000
156 000
99 000
149 808
223 000
12 200
149 950
167 890
216 000
173 700
39 000
177 212
173 000
166 000
18 828
240 000
240 000
102 000
7 700
259 842
286 000
199 000
152 000
194 000
180 000
5
213 000
19 800
84 900
114 000
22 000
34 000
168 900
27 500
21 900
24 300
94 999
28 999
24 900
162 900
67 999
28 900
25 900
33 900
39 000
12 900
29 900
24 500
19 900
30 000
23 900
34 900
22 500
30 990
25 000
165 700
37 900
59 900
19 999
164 900
169 900
33 900
19 900
24 900
22 900
27 500
131 900
18 000
166 500
25 900
17 900
107 900
167 000
19 900
20 800
146 900
21 900
30 700
165 579
26 900
26 900
28 900
19 900
21 900
179 900
23 900
105 000
23 900
12 999
27 000
19 700
78 900
21 900
23 986
25 000
53 900
22 900
25 900
139 600
142 200
142 200
110 900
25 999
22 900
29 500
36 900
24 600
18 000
34 950
29 900
29 900
29 900
161 000
22 900
85 900
17 900
33 900
24 800
18 900
23 888
159 900
134 900
20 500
27 900
129 900
25 900
25 900
173 900
97 990
163 999
30 900
19 900
35 000
23 900
16 000
20 900
31 600
28 900
115 500
25 900
28 500
31 500
38 900
163 700
119 900
107 000
23 600
23 900
23 900
19 900
20 399
19 900
24 900
28 900
159 900
44 900
24 000
17 999
28 900
34 900
99 999
22 900
28 900
25 800
164 000
153 900
33 900
34 000
24 900
23 900
22 900
21 500
21 900
24 900
34 999
162 900
22 900
17 500
24 900
21 700
149 940
35 000
23 490
26 986
32 900
29 700
24 900
24 000
153 500
17 800
162 500
36 900
99 900
25 900
156 500
151 500
23 400
17 900
33 999
33 200
29 900
23 900
23 900
24 900
20 800
37 900
23 900
27 300
29 900
38 500
22 999
23 900
26 900
16 499
94 900
24 800
24 900
24 900
25 900
118 000
23 900
23 800
33 900
71 999
21 700
26 900
34 500
75 000
20 900
18 500
41 900
23 900
22 900
37 900
169 700
11 700
119 900
2017 
2020 
2010 
2012 
2020 
2011 
2008 
2010 
2017 
2012 
2009 
2020 
2018 
2009 
2008 
2012 
2013 
2008 
2014 
2009 
2008 
2011 
2010 
2012 
2011 
2011 
2009 
2021 
2014 
2019 
2008 
2020 
2021 
2012 
2008 
2008 
2009 
2011 
2019 
2008 
2020 
2008 
2008 
2019 
2020 
2008 
2008 
2020 
2008 
2010 
2020 
2009 
2012 
2010 
2011 
2009 
2020 
2011 
2018 
2008 
2008 
2010 
2009 
2017 
2011 
2008 
2010 
2014 
2009 
2014 
2021 
2021 
2021 
2018 
2011 
2008 
2009 
2011 
2009 
2008 
2011 
2011 
2011 
2012 
2020 
2008 
2017 
2008 
2012 
2009 
2009 
2008 
2020 
2019 
2010 
2011 
2019 
2009 
2010 
2021 
2017 
2020 
2010 
2008 
2013 
2010 
2011 
2010 
2011 
2010 
2018 
2011 
2009 
2013 
2012 
2020 
2019 
2019 
2008 
2009 
2009 
2008 
2008 
2008 
2008 
2010 
2020 
2013 
2010 
2008 
2008 
2013 
2018 
2009 
2009 
2012 
2020 
2021 
2011 
2012 
2008 
2009 
2009 
2009 
2008 
2010 
2012 
2020 
2010 
2008 
2008 
2009 
2020 
2011 
2009 
2008 
2012 
2011 
2009 
2010 
2020 
2008 
2021 
2012 
2018 
2011 
2020 
2021 
2010 
2008 
2013 
2012 
2010 
2008 
2011 
2011 
2008 
2012 
2008 
2010 
2011 
2012 
2009 
2009 
2008 
2008 
2018 
2009 
2009 
2008 
2010 
2017 
2009 
2009 
2012 
2017 
2009 
2012 
2012 
2019 
2008 
2008 
2015 
2008 
2008 
2013 
2020 
2010 
2019 
67 139
-196 785
147 085
1
149 000
200 650
198 000
69 900
258 000
189 250
5
45 000
168 000
225 000
157 700
138 243
206 000
164 500
142 574
260 000
243 600
180 000
199 655
160 000
171 000
199 134
10
89 000
16 300
256 000
6
1
256 612
269 000
223 000
160 000
129 000
21 000
216 900
5
231 000
172 000
101 256
10
266 111
170 121
10 000
224 705
189 312
1
145 045
179 000
178 000
193 410
168 105
10
121 000
17 500
242 000
237 000
185 122
212 000
52 800
154 239
167 800
182 000
49 100
217 000
243 000
6
6
6
69 540
217 500
212 201
175 000
231 000
204 965
241 000
180 000
91 557
161 500
206 000
5
164 000
62 906
180 000
160 000
142 000
260 300
169 000
10
40 000
166 000
240 000
33 700
232 400
212 000
10
68 668
1
116 316
169 000
177 016
199 000
180 000
213 000
173 812
177 000
54 700
215 000
122 000
177 000
118 492
1
39 000
101 011
164 115
179 700
188 000
182 000
154 000
210 000
187 254
229 000
1 000
106 000
220 000
259 875
136 000
150 124
118 482
251 039
166 770
238 899
5
7
160 000
147 085
209 000
135 000
303 000
218 300
290 000
145 000
170 819
5
235 000
251 000
125 000
166 000
1 000
166 395
161 000
167 800
231 000
189 000
159 000
150 000
12
289 000
1
203 797
117 256
183 000
5
10
190 000
137 369
165 000
163 000
125 000
230 000
129 127
222 000
261 801
106 000
218 000
179 000
187 000
170 000
156 000
99 000
149 808
223 000
12 200
149 950
167 890
216 000
173 700
39 000
177 212
173 000
166 000
18 828
240 000
240 000
102 000
7 700
259 842
286 000
199 000
152 000
194 000
180 000
5
213 000
19 800
84 900
114 000
22 000
34 000
168 900
27 500
21 900
24 300
94 999
28 999
24 900
162 900
67 999
28 900
25 900
33 900
39 000
12 900
29 900
24 500
19 900
30 000
23 900
34 900
22 500
30 990
25 000
165 700
37 900
59 900
19 999
164 900
169 900
33 900
19 900
24 900
22 900
27 500
131 900
18 000
166 500
25 900
17 900
107 900
167 000
19 900
20 800
146 900
21 900
30 700
165 579
26 900
26 900
28 900
19 900
21 900
179 900
23 900
105 000
23 900
12 999
27 000
19 700
78 900
21 900
23 986
25 000
53 900
22 900
25 900
139 600
142 200
142 200
110 900
25 999
22 900
29 500
36 900
24 600
18 000
34 950
29 900
29 900
29 900
161 000
22 900
85 900
17 900
33 900
24 800
18 900
23 888
159 900
134 900
20 500
27 900
129 900
25 900
25 900
173 900
97 990
163 999
30 900
19 900
35 000
23 900
16 000
20 900
31 600
28 900
115 500
25 900
28 500
31 500
38 900
163 700
119 900
107 000
23 600
23 900
23 900
19 900
20 399
19 900
24 900
28 900
159 900
44 900
24 000
17 999
28 900
34 900
99 999
22 900
28 900
25 800
164 000
153 900
33 900
34 000
24 900
23 900
22 900
21 500
21 900
24 900
34 999
162 900
22 900
17 500
24 900
21 700
149 940
35 000
23 490
26 986
32 900
29 700
24 900
24 000
153 500
17 800
162 500
36 900
99 900
25 900
156 500
151 500
23 400
17 900
33 999
33 200
29 900
23 900
23 900
24 900
20 800
37 900
23 900
27 300
29 900
38 500
22 999
23 900
26 900
16 499
94 900
24 800
24 900
24 900
25 900
118 000
23 900
23 800
33 900
71 999
21 700
26 900
34 500
75 000
20 900
18 500
41 900
23 900
22 900
37 900
169 700
11 700
119 900
2017 
2020 
2010 
2012 
2020 
2011 
2008 
2010 
2017 
2012 
2009 
2020 
2018 
2009 
2008 
2012 
2013 
2008 
2014 
2009 
2008 
2011 
2010 
2012 
2011 
2011 
2009 
2021 
2014 
2019 
2008 
2020 
2021 
2012 
2008 
2008 
2009 
2011 
2019 
2008 
2020 
2008 
2008 
2019 
2020 
2008 
2008 
2020 
2008 
2010 
2020 
2009 
2012 
2010 
2011 
2009 
2020 
2011 
2018 
2008 
2008 
2010 
2009 
2017 
2011 
2008 
2010 
2014 
2009 
2014 
2021 
2021 
2021 
2018 
2011 
2008 
2009 
2011 
2009 
2008 
2011 
2011 
2011 
2012 
2020 
2008 
2017 
2008 
2012 
2009 
2009 
2008 
2020 
2019 
2010 
2011 
2019 
2009 
2010 
2021 
2017 
2020 
2010 
2008 
2013 
2010 
2011 
2010 
2011 
2010 
2018 
2011 
2009 
2013 
2012 
2020 
2019 
2019 
2008 
2009 
2009 
2008 
2008 
2008 
2008 
2010 
2020 
2013 
2010 
2008 
2008 
2013 
2018 
2009 
2009 
2012 
2020 
2021 
2011 
2012 
2008 
2009 
2009 
2009 
2008 
2010 
2012 
2020 
2010 
2008 
2008 
2009 
2020 
2011 
2009 
2008 
2012 
2011 
2009 
2010 
2020 
2008 
2021 
2012 
2018 
2011 
2020 
2021 
2010 
2008 
2013 
2012 
2010 
2008 
2011 
2011 
2008 
2012 
2008 
2010 
2011 
2012 
2009 
2009 
2008 
2008 
2018 
2009 
2009 
2008 
2010 
2017 
2009 
2009 
2012 
2017 
2009 
2012 
2012 
2019 
2008 
2008 
2015 
2008 
2008 
2013 
2020 
2010 
2019 
67 139
-196 785
147 085
1
149 000
200 650
198 000
69 900
258 000
189 250
5
45 000
168 000
225 000
157 700
138 243
206 000
164 500
142 574
260 000
243 600
180 000
199 655
160 000
171 000
199 134
10
89 000
16 300
256 000
6
1
256 612
269 000
223 000
160 000
129 000
21 000
216 900
5
231 000
172 000
101 256
10
266 111
170 121
10 000
224 705
189 312
1
145 045
179 000
178 000
193 410
168 105
10
121 000
17 500
242 000
237 000
185 122
212 000
52 800
154 239
167 800
182 000
49 100
217 000
243 000
6
6
6
69 540
217 500
212 201
175 000
231 000
204 965
241 000
180 000
91 557
161 500
206 000
5
164 000
62 906
180 000
160 000
142 000
260 300
169 000
10
40 000
166 000
240 000
33 700
232 400
212 000
10
68 668
1
116 316
169 000
177 016
199 000
180 000
213 000
173 812
177 000
54 700
215 000
122 000
177 000
118 492
1
39 000
101 011
164 115
179 700
188 000
182 000
154 000
210 000
187 254
229 000
1 000
106 000
220 000
259 875
136 000
150 124
118 482
251 039
166 770
238 899
5
7
160 000
147 085
209 000
135 000
303 000
218 300
290 000
145 000
170 819
5
235 000
251 000
125 000
166 000
1 000
166 395
161 000
167 800
231 000
189 000
159 000
150 000
12
289 000
1
203 797
117 256
183 000
5
10
190 000
137 369
165 000
163 000
125 000
230 000
129 127
222 000
261 801
106 000
218 000
179 000
187 000
170 000
156 000
99 000
149 808
223 000
12 200
149 950
167 890
216 000
173 700
39 000
177 212
173 000
166 000
18 828
240 000
240 000
102 000
7 700
259 842
286 000
199 000
152 000
194 000
180 000
5
213 000
19 800
